                                      DATOS DE PLATOS EN SUS RESPECTIVOS ARREGLOS
========================================================================================================================
                             CANTIDAD DE PLATOS                                          MONTOS RECAUDADOS
CODIGO   PRECIO      PREPARADOS   ATENDIDOS   NO ATENDIDOS      DESCUENTO       ESPERADO        BRUTO      RECIBIDO
------------------------------------------------------------------------------------------------------------------------
31796     31.90          43           0             0            19.94%         1371.70           0.00         0.00
77156     22.90          54           0             0            13.52%         1236.60           0.00         0.00
11171     15.90          64           0             0            19.42%         1017.60           0.00         0.00
15823     36.90          84           0             0             0.00%         3099.60           0.00         0.00
77381     32.90         102           0             0             0.00%         3355.80           0.00         0.00
77549     18.90          74           0             0            19.71%         1398.60           0.00         0.00
53265     12.90         150           0             0             0.00%         1935.00           0.00         0.00
55330     24.90          65           0             0             6.30%         1618.50           0.00         0.00
11283     14.90          27           0             0            17.72%          402.30           0.00         0.00
39864      7.00          48           0             0            10.52%          336.00           0.00         0.00
11611     15.90          92           0             0            15.19%         1462.80           0.00         0.00
77487     24.90          76           0             0             9.72%         1892.40           0.00         0.00
15479     51.90         110           0             0             0.00%         5709.00           0.00         0.00
31815     30.90          71           0             0             0.00%         2193.90           0.00         0.00
15608     27.90          80           0             0             0.00%         2232.00           0.00         0.00
39747      7.00          86           0             0             9.03%          602.00           0.00         0.00
31644     33.90          48           0             0             0.00%         1627.20           0.00         0.00
77419     31.90          16           0             0             0.00%          510.40           0.00         0.00
15926     49.90          28           0             0             5.90%         1397.20           0.00         0.00
39695     36.90         119           0             0            19.63%         4391.10           0.00         0.00
73500     12.90          57           0             0             0.00%          735.30           0.00         0.00
90365     25.90          27           0             0             0.00%          699.30           0.00         0.00
77703     24.90          70           0             0             0.00%         1743.00           0.00         0.00
77690     32.90         101           0             0             0.00%         3322.90           0.00         0.00
15510     35.90          18           0             0            14.80%          646.20           0.00         0.00
90766     25.90          79           0             0             0.00%         2046.10           0.00         0.00
15665     50.90         108           0             0            18.94%         5497.20           0.00         0.00
39896    128.90          25           0             0             0.00%         3222.50           0.00         0.00
77214     22.90          57           0             0             0.00%         1305.30           0.00         0.00
53957     10.90          30           0             0             0.00%          327.00           0.00         0.00
53760      6.90          31           0             0            10.76%          213.90           0.00         0.00
53477     15.90          40           0             0            13.60%          636.00           0.00         0.00
53939      4.90          35           0             0             0.00%          171.50           0.00         0.00
15142     52.90          72           0             0             7.47%         3808.80           0.00         0.00
11172     15.90          34           0             0             5.53%          540.60           0.00         0.00
15136     60.50         132           0             0             5.45%         7986.00           0.00         0.00
39265     49.90         125           0             0             8.70%         6237.50           0.00         0.00
15488     16.90          25           0             0            16.67%          422.50           0.00         0.00
11621     15.90          28           0             0            11.30%          445.20           0.00         0.00
15297     51.90          93           0             0             0.00%         4826.70           0.00         0.00
53764      6.90          40           0             0            10.57%          276.00           0.00         0.00
39475     71.90          55           0             0            18.66%         3954.50           0.00         0.00
77606     24.90          82           0             0            19.98%         2041.80           0.00         0.00
39137     12.00          70           0             0             0.00%          840.00           0.00         0.00
39489      7.00          33           0             0             0.00%          231.00           0.00         0.00
15921     29.50          48           0             0            16.09%         1416.00           0.00         0.00
11751      8.90          73           0             0             0.00%          649.70           0.00         0.00
77572     18.90          73           0             0             0.00%         1379.70           0.00         0.00
11692     89.90          62           0             0            17.36%         5573.80           0.00         0.00
15365     44.90         107           0             0             5.28%         4804.30           0.00         0.00
53991      3.90          47           0             0             0.00%          183.30           0.00         0.00
11620     15.90          53           0             0             0.00%          842.70           0.00         0.00
77762     23.90          29           0             0             0.00%          693.10           0.00         0.00
77691     23.90          33           0             0             0.00%          788.70           0.00         0.00
39738     18.90         112           0             0             0.00%         2116.80           0.00         0.00
15525     58.50          34           0             0            18.60%         1989.00           0.00         0.00
15392     18.90          47           0             0             0.00%          888.30           0.00         0.00
39851     73.90          99           0             0            16.73%         7316.10           0.00         0.00
15116     49.90         103           0             0             9.18%         5139.70           0.00         0.00
15272     59.90          18           0             0             7.45%         1078.20           0.00         0.00
11731      8.90          46           0             0             0.00%          409.40           0.00         0.00
39141     21.90          32           0             0             6.80%          700.80           0.00         0.00
53518     15.90         105           0             0             0.00%         1669.50           0.00         0.00
39903     10.50          91           0             0            13.99%          955.50           0.00         0.00
15756     50.90          54           0             0             0.00%         2748.60           0.00         0.00
53546      9.90          89           0             0             7.19%          881.10           0.00         0.00
11850     53.90          75           0             0             0.00%         4042.50           0.00         0.00
15760     34.50          31           0             0             0.00%         1069.50           0.00         0.00
53814      9.90          76           0             0            10.91%          752.40           0.00         0.00
15419     37.90          87           0             0             0.00%         3297.30           0.00         0.00
11500    128.90          23           0             0             0.00%         2964.70           0.00         0.00
77910     22.90         117           0             0             0.00%         2679.30           0.00         0.00
15592     33.90          24           0             0             0.00%          813.60           0.00         0.00
53502     15.90          25           0             0            10.81%          397.50           0.00         0.00
39584     15.50         116           0             0            13.44%         1798.00           0.00         0.00
15611     46.90          36           0             0             0.00%         1688.40           0.00         0.00
11471      8.90          57           0             0             0.00%          507.30           0.00         0.00
39810     71.90          26           0             0             0.00%         1869.40           0.00         0.00
73428     19.50         130           0             0             0.00%         2535.00           0.00         0.00
39987     15.50          26           0             0             0.00%          403.00           0.00         0.00
15326     36.90          18           0             0            18.31%          664.20           0.00         0.00
77493     23.90         147           0             0            12.78%         3513.30           0.00         0.00
55338     22.90          77           0             0             9.46%         1763.30           0.00         0.00
15539     21.90          22           0             0            13.99%          481.80           0.00         0.00
39227      7.00          93           0             0             0.00%          651.00           0.00         0.00
39431     12.50         100           0             0            11.05%         1250.00           0.00         0.00
15950     43.90          62           0             0             8.90%         2721.80           0.00         0.00
15945     48.90          17           0             0             0.00%          831.30           0.00         0.00
39199     10.50         125           0             0             0.00%         1312.50           0.00         0.00
15319     47.90         148           0             0             0.00%         7089.20           0.00         0.00
15197     47.50          78           0             0            11.82%         3705.00           0.00         0.00
77894     32.90          25           0             0             5.74%          822.50           0.00         0.00
15283     33.50          55           0             0             0.00%         1842.50           0.00         0.00
39442     21.90          31           0             0            11.88%          678.90           0.00         0.00
15378     33.50          65           0             0             0.00%         2177.50           0.00         0.00
39955     73.90         145           0             0            14.83%        10715.50           0.00         0.00
15578     33.50          74           0             0             0.00%         2479.00           0.00         0.00
53377      3.90         145           0             0             0.00%          565.50           0.00         0.00
73410     12.90          42           0             0             0.00%          541.80           0.00         0.00
11871     54.90          80           0             0            11.86%         4392.00           0.00         0.00
15724     31.50         119           0             0             0.00%         3748.50           0.00         0.00
15864     32.50          97           0             0            16.73%         3152.50           0.00         0.00
15404     17.90          25           0             0             0.00%          447.50           0.00         0.00
77971     23.90          68           0             0             0.00%         1625.20           0.00         0.00
39536     15.50         137           0             0             0.00%         2123.50           0.00         0.00
15153     18.90          38           0             0            19.04%          718.20           0.00         0.00
39160     15.50         135           0             0            17.39%         2092.50           0.00         0.00
90758     25.90          68           0             0             7.08%         1761.20           0.00         0.00
15745     48.90          50           0             0            14.48%         2445.00           0.00         0.00
15621     33.50          97           0             0            13.94%         3249.50           0.00         0.00
========================================================================================================================




                                     DATOS DE CLIENTES EN SUS RESPECTIVOS ARREGLOS
                               =======================================================
                                            DNI          DESCUENTO AL CLIENTE
                               -------------------------------------------------------
                                         90367684               13.04%
                                         99774549               17.38%
                                         63640178               18.78%
                                         66039166                0.00%
                                         20371464               15.28%
                                         35606314               11.91%
                                         35852072                0.00%
                                         51465986                0.00%
                                         79100967                0.00%
                                         72973662                0.00%
                                         54149342                0.00%
                                         72330000                0.00%
                                         31284904               10.07%
                                         66091742                0.00%
                                         93961840                0.00%
                                         32538825               11.33%
                                         94683380               18.03%
                                         59561864               10.30%
                                         61061535                0.00%
                                         22679759               19.91%
                                         53420926                0.00%
                                         37282858                0.00%
                                         34571095                0.00%
                                         93282118                0.00%
                                         86836066                0.00%
                                         57182371                0.00%
                                         43704548               10.75%
                                         12484697               15.34%
                                         17299012                0.00%
                                         99891737               18.78%
                                         91187814               16.89%
                                         36471787                0.00%
                                         81647285               10.90%
                                         15290194                0.00%
                                         45914393               17.53%
                                         54815159               11.82%
                                         85395219               18.72%
                                         13731806               13.18%
                                         75100362                0.00%
                                         68269451                0.00%
                                         86988155               15.91%
                                         77440060               15.25%
                                         68114999               10.51%
                                         92275859                0.00%
                                         28992638                0.00%
                                         71422479                0.00%
                                         25062013               19.02%
                                         49357767               18.33%
                                         51873364               16.39%
                                         95656771               16.27%
                                         30246960                0.00%
                                         34697743               11.26%
                                         62126128               10.76%
                                         51642949                0.00%
                                         80694546               14.54%
                                         65912822               10.35%
                                         45201670                0.00%
                                         81539774                0.00%
                                         77324146               19.55%
                                         62287143                0.00%
                                         52313890               12.45%
                                         36934113               18.33%
                                         58643376                0.00%
                                         27709566                0.00%
                                         60543714               16.71%
                                         35347567                0.00%
                                         22598563                0.00%
                                         14956687               10.80%
                                         59596317               16.21%
                                         93231760               19.47%
                                         93939698                0.00%
                                         41964357                0.00%
                                         79133967                0.00%
                                         72937662                0.00%
                                         59199342                0.00%
                                         67277765               17.74%
                                         92980780                0.00%
                                         65278099               16.85%
                                         78223294                0.00%
                                         81334083               16.77%
                                         49573578               12.43%
                                         31526241               17.10%
                                         80740735               13.64%
                                         73518695                0.00%
                                         76595144                0.00%
                                         37769366                0.00%
                                         40711531               16.17%
                                         82583252                0.00%
                                         31712526               18.91%
                                         32352361               18.44%
                                         51808448               16.35%
                                         46466842                0.00%
                                         65308391                0.00%
                                         56100384               19.00%
                                         52650965                0.00%
                                         64262396                0.00%
                                         22303979               19.24%
                                         51108372               15.01%
                                         38986512               15.11%
                                         63230770                0.00%
                                         86297512               16.19%
                               =======================================================
