117660      68114999        AP-73428       3
745839        93231760      EN-77690       1
593758       81539774    PA-11850    7
261051        36471787      BR-15665        5
797896       45914393        BE-39747        9
752219       78223294        AD-53518        10
615768    92980780        PO-11471       10
247099        81539774    EN-77493        8
847248      54149342      BR-15142       1
874983        54815159       PI-15392       5
906990    59561864        EN-77971        10
149836       59596317      BE-39536    5
923530        79133967      BE-39747    10
356862      57182371    PO-11611       8
292701       35606314      BE-39227       6
125328        61061535    EN-73410        1
916368    80694546      BE-39903       9
622546       93231760       BR-15745       8
632169    60543714        EN-90758    1
752219    78223294    PO-11471    10
840493    59199342      EN-77691      3
294538       34697743       EN-77214      3
119991    53420926    BE-39810       5
414009        59596317      BR-15136      8
234730    43704548    BR-15745    7
769193       86988155    PI-15608      8
406983      72330000        BE-39141       4
684365        12484697      EN-77703    8
328363    86988155       BR-15197      2
530416    58643376       BE-39431      5
748120        25062013    BR-15142       3
406406    51873364       BR-15116    9
707266       92275859       AD-53518    7
707266        92275859       BR-15525       2
342947       80694546      BE-39695       5
403672        54149342        PA-11692      7
114303        63230770       EN-77381      5
589059        79100967       ES-31644        9
840493      59199342      AP-73500       8
845288        80740735    BE-39141      6
304786    63640178       BE-39851        9
804501       71422479        BE-39475       3
125328        61061535      BE-39199        8
366421        53420926       PO-11751        10
421210        95656771        BR-15621      8
528967    75100362    BR-15745      10
442735    91187814       BE-39584        10
414669       28992638    EN-77493    4
236975       51873364        AD-53760    8
544862      72937662        BR-15116        8
934108        62287143    BE-39199        6
329964        65912822       BE-39955      10
114303       63230770    BE-39160       5
621974      32538825       AD-53546        2
773053       51808448      BR-15142    1
872028      93961840      AD-90766        6
974769        14956687       EN-77572       10
615768       92980780    AD-53814       9
547395       34571095      AD-53991       3
111663       52313890       PO-11471      6
872028    93961840       BR-15950       1
869665    34697743      AP-73428      2
421210      95656771        BR-15479        7
451022      38986512      BR-15745        8
155553        32538825        PI-15608        6
501821      52313890       BE-39227        7
222201        37282858        BE-39160       5
331362        51642949        BR-15319    5
991438        95656771       BR-15283       2
768281        72937662      BR-15724    3
236975       51873364    BR-15319      3
352468        72973662    BE-39536    3
170173       62126128      BE-39431        6
840493       59199342      EN-77156    9
534157       49357767      EN-77487        2
946451    41964357      BR-15621    4
252120    36934113       EN-53265      6
432825        62126128      PI-15404    2
988242        35606314    BE-39864      7
531671    25062013      EN-77156      9
292701        35606314        EN-90758       5
842138    71422479        AD-53377       3
114303        63230770        BR-15724       9
314078       30246960        PO-11731    7
244107       93939698       BR-15365       10
449715    66039166      BR-15864    1
769193      86988155        BR-15116       1
900459        37769366    BR-15621       8
871002       35852072      EN-77606       10
415664       41964357       EN-77487    6
845288        80740735      BR-15921      3
872028    93961840      PO-11283        8
127019        46466842    BE-39695    7
577242      86836066      BR-15621       5
874983        54815159        PI-15153       7
765579    71422479      BR-15272        6
496123      57182371       PO-11611        8
254358       14956687      BR-15756       5
591433      66091742       AD-53518    2
985837      90367684        ES-31815      1
577242       86836066      BE-39584       5
298464    79133967        EN-77910      2
138781       82583252      BE-39160      10
414009    59596317       AD-53991       3
470947        66091742    BE-39584    8
227408       22598563    BR-15136    7
744073    86836066        PO-11731      2
900971      85395219    BE-39475    9
883970    49573578      BR-15197       8
988242    35606314    EN-77487      10
624251        90367684        AP-73500    5
240169        45914393       BE-39265    8
997002      35606314        BE-39536       5
542427       59596317      PO-11171      5
906990        59561864       BE-39584    9
590880      59561864    BE-39141    6
797896       45914393       AD-53814       5
114303        63230770    PO-11751    10
548569       27709566        EN-77381    1
983446    49357767        PO-11620       6
211001        86988155       BE-39431        5
801974    32538825       EN-77910       1
482635      68269451    BE-39851      6
869665       34697743    BE-39747    3
187119        51642949        EN-77690        3
427178      73518695      EN-77910      1
466115        36934113      BR-15665       5
930732      34571095       EN-77493      9
381370      17299012       BR-15510    5
534157       49357767    BE-39536    2
974769       14956687    EN-77214        7
873741        57182371    BR-15319       10
871002       35852072        AD-53991       7
466115        36934113    BE-39536        9
930732    34571095    PO-11171    10
421210       95656771      BE-39141       10
431133      58643376       BR-15116    1
411147        35606314        PO-11611      6
308748       59596317    ES-31796        5
414009       59596317      PO-11172    4
988242       35606314        BE-39265       4
247099    81539774        AP-73428       4
707266       92275859    BR-15197    9
499778      53420926    BR-15724    9
735717      22679759       EN-77703        5
874983       54815159       PA-11850       9
119991    53420926        BE-39955    7
747751       12484697       ES-31815    3
152386        15290194      BR-15136      8
745538    20371464        BE-39199    6
652574    36471787      BR-15479    1
906990       59561864        BE-39442      7
406406       51873364        BR-15611       4
393903        52313890      BE-39584       5
900971      85395219       BR-15365        4
321936        35852072       BE-39536        4
479977       36471787        BE-39199        6
158069      71422479       BR-15611      10
947313       59561864        BE-39695       9
358019      93231760    BR-15756    5
993028       80694546      EN-77156      3
815830      34697743    BR-15945    1
496123    57182371       AP-73428       1
152386       15290194        AP-73500      1
423432        54149342    BE-39160        3
356862    57182371    BR-15297        5
872028        93961840    BE-39160        8
883970       49573578    EN-53265       2
796698      35347567    BE-39851        10
684365    12484697       AD-53518        2
362232    65278099    PI-15153      10
553475      81647285    BR-15864        10
647560        99774549        BE-39584       3
974769        14956687      EN-53265        8
765579        71422479        BR-15864       1
988242    35606314        BE-39536        2
707266    92275859      BE-39160        1
275160      62126128       ES-31815    4
475132    51465986        BR-15760    1
478986    81539774        PO-11731    5
426890      77440060    EN-77971      2
930732       34571095        PO-11611    7
623142       65308391        BE-39695        2
152386      15290194      ES-31815      8
356862    57182371      PA-11871       9
288755        40711531       BR-15136       5
127019      46466842        BR-15745        4
988319      36934113        BR-15665      9
309299      31284904      BR-15297      8
604991    81647285    BR-15745       3
282358       35852072      PO-11283      2
656315      41964357        EN-77381       9
236975       51873364    BR-15297    7
424007        72937662       AD-53377       8
508029       31712526      ES-31815        2
768474    62126128      BE-39265       6
410319        22303979        BE-39695    7
426905        36471787       BE-39738       8
356862    57182371    EN-53265    10
747751        12484697       EN-77214    2
158069       71422479        BR-15142      7
797896      45914393    BE-39199        5
807876        36471787        BE-39955        2
294538    34697743    BE-39265       4
478148    59199342      PA-11871      10
604991      81647285        EN-77381        5
788134       57182371    PO-11611      4
210959        72330000       BE-39584        2
768281       72937662       EN-77690      1
530416    58643376      BR-15724    10
782674       61061535    BE-39475       10
516696       36471787        EN-53265        6
807876       36471787    BE-39475      10
980897       72330000    AD-53518        10
981884    94683380        BR-15665       4
320690      32538825    BR-15479        9
699046      34697743    BR-15326      6
943088       85395219      BE-39738      5
508029      31712526        BR-15864       1
145715        61061535       EN-77703      3
252120        36934113       BR-15823    3
254358        14956687      BE-39584    1
377454        35852072      EN-77156    9
381370      17299012    EN-90758        1
579570    72973662       AP-73428        3
244107    93939698      AD-53546       7
377454    35852072       PO-11283      5
158069        71422479    BE-39489    10
261051       36471787        BR-15197       4
542427       59596317    PA-11850        5
158069       71422479      BE-39475        7
711123    49357767    EN-77572        1
119991        53420926        BE-39536       5
251809    28992638      BE-39536        9
565677    67277765    PO-11471    8
652747        80694546       BE-39137      6
947313       59561864        EN-77549      7
181472      60543714      BE-39442       9
684365      12484697       BE-39431      10
304497       51873364        BE-39738    8
261051    36471787        BE-39584        6
423765        75100362        PA-11500        2
329964        65912822       BR-15283      10
981884      94683380       BE-39584        8
797896    45914393       SA-55338      5
943088       85395219    BR-15525       1
427178        73518695    BE-39141    3
788134       57182371       BR-15950      10
466115       36934113        AD-53518       2
459459      59561864    BR-15319      2
413102      22679759    BR-15665       1
117660    68114999        BR-15950    1
931456       45914393        BE-39738      7
161044    93939698      AD-53546    9
807876       36471787       AD-53939      8
773053    51808448      AP-73500      1
496123      57182371      EN-90758       4
156439      45914393        BR-15578    7
181777        35852072      BR-15611      5
872028       93961840       EN-77762      10
747751        12484697      EN-53265        9
145715       61061535       BR-15479      1
314078      30246960        PO-11751        5
732996    93961840      BR-15136    5
362232    65278099      BR-15525      4
181472       60543714    BR-15479      2
508029    31712526    PI-15392        2
946451      41964357       PO-11751      10
479977       36471787       EN-77493       3
590880      59561864    BE-39695        9
983446    49357767    BR-15142        3
449715       66039166        BR-15197      4
381603    86297512        BR-15197    9
604991    81647285    BR-15578    4
707266      92275859        EN-53265       10
593758    81539774        PI-15153       10
530416    58643376       PO-11471        2
891024      93231760       EN-77156    10
845288        80740735    BE-39695       9
900971    85395219       BR-15319        8
768281      72937662       EN-77572        1
254358        14956687    EN-77971       3
807876        36471787      EN-77493      9
611173       15290194    AP-73500       10
590880       59561864        BR-15479        9
290660       59199342       AD-53939    7
946451    41964357        BR-15419        8
988319      36934113    BE-39137        7
321936       35852072      AD-53764       3
413102       22679759       BE-39584      7
801974      32538825      EN-77690        5
594895        34697743    BR-15378      9
358019        93231760        BR-15921        2
247099    81539774    BE-39199       9
579570        72973662       BE-39747        9
261051    36471787      BR-15864        6
906990       59561864    BR-15756    7
623142    65308391       AD-53546      6
381370      17299012      BR-15724    6
845288       80740735        EN-77910      9
366421    53420926        BR-15365       9
496123       57182371       BE-39955        6
711123        49357767       BE-39536    5
290660        59199342        ES-31796    2
409540        66091742      EN-77381       10
652747    80694546        ES-31796       6
513457       91187814    BE-39199      5
292701      35606314    BR-15950        7
414904      86836066    AD-53518      10
594895      34697743        EN-77487        1
621974       32538825    BE-39903      9
707266        92275859       PO-11471        10
329964       65912822      BR-15665        1
358019        93231760      PO-11471        8
460522       68269451      AD-53939    8
460522      68269451    EN-77493       5
414009       59596317        BR-15745        2
806230      14956687        AD-53518        2
117660        68114999        EN-90758        10
292701       35606314      PO-11611        2
931918       22679759    AD-90766       5
250387      51108372    BE-39431    3
470947        66091742      AP-73428      8
577242        86836066       BE-39227       2
652747      80694546    BE-39536      7
900459       37769366       EN-77606        9
406406      51873364      BE-39137    6
170173    62126128       EN-53265    7
632169        60543714       BR-15864    2
768474        62126128        BE-39536    4
170173      62126128      BE-39851      2
985837    90367684        BE-39584       6
596267      72937662       BE-39747    3
366421    53420926      BE-39955        4
496123       57182371        BR-15950      8
594895        34697743       BR-15116    7
381603       86297512      PO-11471      10
684365        12484697      AD-53764    3
445200        79133967       PO-11283      7
769193    86988155    BE-39141        3
356862    57182371       BR-15419      5
449715    66039166        ES-31815      2
732996        93961840      AD-53991      5
568663    56100384    BR-15578        7
980897       72330000       BR-15525        2
751666       51642949    BR-15950      8
980897      72330000    BR-15479        3
866198      52650965        AD-53546        3
947313        59561864       BR-15283      3
806230       14956687    EN-77572        9
298464       79133967    EN-77910       9
974769      14956687        BR-15724        3
663322      59596317      EN-77910        5
240169       45914393      BE-39864    2
442735       91187814       AD-53518      1
181472        60543714       AP-73500      7
406983       72330000      BE-39160    3
229797      90367684       BE-39137    7
744073      86836066    EN-90365        4
410319      22303979       EN-77381       5
149836    59596317    BR-15419      8
298464    79133967        BR-15297       9
568663    56100384    BR-15116    10
621540    22598563       BE-39747        1
478148       59199342      AD-90766        9
414904      86836066       EN-77894      6
547395      34571095        PA-11850       6
210256        32352361        BR-15197    8
744073    86836066      BE-39864      2
647560      99774549    BR-15665       1
262598      81647285      AD-53518    6
409540       66091742      EN-77703    3
594895      34697743      BE-39265       5
931456       45914393      EN-77493        2
406983    72330000    BE-39987        1
796698      35347567       EN-77487    7
883970      49573578       BE-39160      6
362232        65278099    AD-53814        2
773053      51808448        BR-15197    2
156439    45914393       AD-53939      10
911467        99774549       ES-31644      8
632169       60543714       BR-15724       4
904805    81647285    BE-39160        6
352468        72973662    SA-55330        8
904805        81647285       BE-39955      3
499778       53420926    BE-39536      5
981884    94683380      AD-53957      7
530416        58643376        PO-11621       1
164900       72330000        ES-31815    10
156439    45914393      BR-15611      3
707266      92275859    BE-39955    7
764269    62287143      AD-53377        7
988242      35606314        BE-39851        6
432825    62126128        BR-15479    6
516696       36471787    EN-77493      10
883970       49573578        BE-39955        3
152386      15290194      BE-39584      2
997002        35606314      BE-39431      2
181472       60543714    AD-53957        2
187119        51642949    BR-15724       6
591433    66091742      ES-31796      7
421210        95656771       EN-77910    4
304786        63640178      EN-77572    7
788167        41964357    BE-39738    7
632169    60543714        AP-73428        5
872028    93961840       BR-15283       5
432825    62126128       PO-11471        7
568663       56100384        EN-77381        6
331362        51642949        BE-39265    6
699046        34697743        PI-15153    3
711123    49357767      AP-73500        9
247099    81539774        BE-39584       7
169965      80694546        PO-11611       9
414904       86836066      BE-39265    7
111663    52313890      BR-15365       8
499778    53420926        EN-77690       7
478986    81539774       BE-39137        3
906990    59561864        AD-53518        10
781312    68269451      EN-77762       8
432825       62126128        BR-15525        8
477444        60543714      PO-11751       2
362232      65278099       BR-15197      7
451022        38986512      BR-15578       8
459459        59561864        BE-39475    9
255034      68269451    BE-39160      2
656315       41964357      ES-31815      2
114303       63230770       BE-39695       7
752219       78223294        BR-15525        2
604991       81647285    BE-39695      7
751666        51642949    BE-39227       2
531671       25062013       AD-53764      4
155553      32538825      BE-39141        6
745538        20371464        AD-53814       8
499778        53420926    BE-39851      2
807876        36471787        BR-15297       8
393903    52313890      EN-77549        8
244276        90367684    AD-53814        10
768474      62126128        BE-39584    6
470947    66091742       BE-39199        4
769193        86988155       BE-39955    8
362232    65278099      PO-11471    9
421210       95656771        BE-39955       9
647560       99774549       BE-39227        1
187119       51642949      PA-11692      1
998079      91187814       BE-39695        10
874983       54815159       PA-11871       8
145715        61061535       AD-53546        6
981884        94683380      BR-15621    10
309299       31284904    EN-77910       6
931456      45914393       AP-73428      7
234730    43704548    SA-55330      7
561622        35347567        BR-15945    4
499778      53420926        EN-53265        1
801974       32538825       BR-15756    8
114303       63230770        BR-15745      3
138781      82583252        EN-77214      1
565677        67277765       BR-15197      2
961419       77324146       EN-90758    1
534157        49357767    BE-39265        9
368734        68269451      BE-39199       3
381370    17299012        BE-39227        3
788167       41964357    AP-73428       8
751666      51642949       PO-11620      5
621540    22598563        EN-77493    9
192023       81539774       BE-39955    8
333221      68114999    BR-15136    4
411147       35606314      EN-53265      3
181777      35852072      EN-77606       9
904805        81647285        PI-15153      2
210256    32352361        ES-31815    3
308748        59596317       BR-15142        6
497376      93961840       BR-15378    2
561622    35347567       BR-15760       5
663311    59596317      PI-15392    9
997980      31284904       BR-15365    3
594895    34697743      BE-39851      3
835027      94683380        BE-39199       2
988319    36934113        EN-77214    10
973050       43704548        PO-11751      9
908458       34697743      AD-53546    3
449715       66039166    EN-53265        1
621540        22598563    AP-73428       4
456118    81539774        BR-15864    8
240169      45914393      BE-39851    8
835027      94683380        SA-55338      1
832902      51873364      BE-39475        3
138781      82583252       PO-11172      4
261051       36471787        AP-73500        7
255034       68269451       AD-53991    3
164900      72330000      BR-15724       8
663311        59596317      BR-15319    8
282358    35852072    PI-15608       9
604991       81647285        EN-77703    5
289957      75100362        BR-15823        5
356862        57182371        BR-15864        3
172184       81334083       BR-15197        4
362232        65278099        BR-15283      2
528967        75100362        BE-39903       3
328363        86988155        EN-53265        2
427178      73518695    BR-15479        2
788134    57182371       AD-53814       10
866198        52650965       BE-39695       5
496123    57182371    AD-53377      10
744073      86836066    PA-11500       5
773053        51808448    BR-15136      8
482635        68269451      BE-39695       9
381603        86297512    BR-15479    3
751666      51642949       AD-53477       6
410319    22303979    BR-15745       4
751666      51642949    AP-73428      1
142128    86988155       BR-15142      1
125328    61061535      BR-15136    8
845288        80740735      BR-15621        3
356862    57182371    PO-11172        4
250387    51108372      BR-15479       1
916368       80694546    EN-77910       8
607099      35852072    BR-15136        1
414904       86836066    BR-15756    2
119991       53420926      BR-15950       5
621974        32538825      BE-39137       4
411147       35606314    BR-15419       10
490445    92275859    BR-15116      8
903078    22598563    BE-39137       5
991107      12484697      BR-15419      9
431133        58643376    BE-39955      6
745839      93231760        BR-15823       3
152386      15290194      EN-77549        8
170173      62126128    EN-77572       3
707266       92275859       AD-53814    9
732996       93961840        BR-15921       9
329964    65912822    AD-90766       5
980897       72330000       BE-39160       1
210256       32352361    BR-15864      2
466115    36934113      AD-53377    4
282358    35852072      BE-39864        9
516696        36471787      BE-39955       1
528967        75100362        BE-39987       5
565677    67277765    AD-53814    2
900459    37769366      PI-15608        8
981884       94683380       AP-73428       6
923530      79133967    EN-77493        8
142128    86988155    BE-39584      4
547395        34571095        PA-11692    9
406406        51873364       BE-39431        1
155553      32538825        EN-77606       6
796698    35347567      BE-39536       9
807876        36471787       BE-39810    6
170173       62126128    BR-15724       4
652747      80694546      BR-15760      10
751666    51642949      AD-53377        1
984153      60543714    PI-15608       2
946451    41964357    PA-11692       3
504011    71422479       PI-15392      3
288755      40711531        BR-15823       6
127019      46466842       EN-77381    1
591433        66091742        BR-15760        7
611173      15290194       BR-15864       5
156439    45914393      BE-39738       7
172184    81334083       AD-53814       3
998079      91187814    BR-15136        4
138781      82583252        BR-15745        2
769193      86988155    BR-15621       1
244107    93939698        BR-15283    9
432825    62126128    BE-39160      1
842138        71422479        EN-90758      3
647233    31284904        BE-39536       6
244276        90367684      BE-39747    5
125328    61061535       AD-53991        3
478986       81539774        AD-53760    7
304497        51873364       AP-73428    9
647233       31284904    EN-77487       6
840493      59199342       AD-53939      6
229797       90367684       AD-53518       5
561156        41964357        BE-39489      6
381603    86297512      BR-15525      2
328363    86988155    PO-11471       8
299977    49357767    BE-39536    8
411147      35606314    EN-77910       7
547395      34571095      EN-77703       9
947313    59561864      EN-77971    8
663311       59596317    PI-15153       8
534157        49357767    SA-55330        5
356862        57182371      PA-11850      8
155553        32538825      EN-77910       6
911467    99774549       EN-53265      8
568663       56100384    BR-15745    7
314078       30246960        BR-15479        8
984153    60543714      EN-77606    4
403672        54149342        EN-77690       7
145715        61061535    BE-39695       2
911467      99774549    BR-15297        5
342947    80694546        EN-77381        4
621974       32538825      BE-39265      7
934108    62287143        BR-15297       3
366421       53420926    AD-53546       3
632169    60543714      BE-39227        9
288755       40711531      BR-15921        9
432825       62126128       PO-11731      10
381603       86297512       EN-53265      10
261051      36471787    ES-31815    4
561622    35347567      AD-53764    8
161044       93939698      EN-77703      2
216753      66039166       AD-53518        6
842138       71422479    AP-73428    1
840493    59199342        BE-39442       5
699046       34697743        BR-15319       1
169965        80694546      BE-39227        7
835027    94683380        PO-11731        7
947313    59561864      EN-77894    7
308748       59596317      BR-15745    8
320690    32538825      EN-77156       4
211001      86988155       EN-77703        3
569739      35347567    EN-77910      8
781312    68269451        BR-15136      9
530416      58643376       BR-15510        5
246151       65912822    BR-15116    10
490105       51642949        PI-15539      4
172184       81334083       EN-53265    4
930732       34571095        BE-39810        8
229797        90367684    ES-31796       10
624251       90367684      BR-15864      2
424007    72937662    EN-90365    9
304497      51873364       BE-39227       8
988242        35606314    SA-55330        1
974769        14956687        EN-77690       6
304786        63640178        BE-39431      4
782674      61061535        BE-39265       3
210959        72330000    BR-15665        4
172184        81334083    BR-15283       4
883970       49573578      PI-15153      2
991107      12484697        BR-15297        6
152386    15290194       BR-15197        2
244276        90367684        BE-39738      3
534157      49357767        BE-39851        7
796698        35347567        BE-39265       1
261051    36471787    BR-15136       8
479977        36471787        AD-53814      10
797896       45914393      EN-77493        4
411147      35606314       PO-11172      1
309299        31284904    ES-31644    2
482635        68269451      PO-11751    7
883970      49573578        PO-11471        1
172184       81334083    BE-39955    3
549421      31284904        BE-39227       2
234730        43704548        BR-15319      1
119991       53420926    BE-39442        9
181777       35852072    EN-77419    2
973050      43704548      AD-53546      2
988242    35606314    BR-15378    8
138781      82583252        BR-15823    8
125328      61061535       EN-77493    8
748120      25062013      BR-15756    6
991438    95656771      PO-11751       10
561156       41964357    EN-77971      9
568663        56100384      BR-15724       3
158069        71422479    EN-77690       1
899847        63640178    BR-15142    1
705335    59199342        BE-39536      8
744073        86836066        BR-15926    6
748120      25062013      BR-15319    10
548569      27709566        EN-77703       4
114303        63230770        BR-15116      9
931918      22679759    PI-15153    8
636801      20371464        BR-15864        1
663311    59596317        PO-11171        7
414904    86836066       PI-15488      8
156439      45914393      EN-73410    5
594895       34697743       BE-39536    9
823450    94683380        BR-15950        2
744073       86836066      AP-73500      3
815830      34697743    PO-11620    7
671441       90367684      BR-15283      2
504011    71422479    EN-77214        4
621540        22598563        BE-39227    1
309299      31284904    BR-15419       7
236975        51873364       BR-15510      2
442735       91187814    BR-15665      5
806230       14956687       SA-55338       10
432825    62126128        EN-53265      8
459459    59561864        BR-15365        1
589059        79100967      BR-15621        5
991438       95656771    BR-15365       9
594895      34697743      BR-15319        5
362232      65278099      PA-11850       7
765579       71422479        PO-11620       7
216753       66039166    BR-15864        1
751666      51642949       EN-90758    7
401565        64262396      EN-77703       5
916368       80694546        AD-53546       4
229797       90367684       PA-11850      4
216753       66039166      BE-39536    7
900459       37769366       EN-77910       4
765579        71422479      AD-53764    10
591433      66091742    BE-39137       4
501322      63640178      BR-15578       3
840493        59199342       PO-11172    3
807876      36471787       BR-15365    2
997002      35606314    BE-39851    9
604991      81647285      BE-39160        5
477444      60543714       EN-77762    2
747751       12484697        BR-15823        4
593758      81539774       AD-53814      2
589059    79100967        PA-11871        8
381370        17299012        AD-53377        10
187119       51642949    BE-39431      6
611173    15290194        BR-15197      1
752219      78223294    BR-15479    3
356862        57182371    EN-77910       9
621974       32538825        BE-39475      7
647560    99774549       BE-39738    2
607099       35852072    AD-53991        10
652747       80694546    AD-53518      7
309299    31284904      AD-53477      6
229797        90367684        BE-39536       3
288755      40711531       EN-77493        4
111663    52313890    BE-39265        2
593758    81539774        BR-15197      7
591433      66091742        BE-39431    7
647560      99774549        AP-73428        5
748120        25062013    BE-39431       7
615768    92980780       BR-15525    2
181472      60543714       AD-53760      4
946451    41964357      BR-15592        7
381603    86297512        BE-39160        1
765579       71422479    BE-39199        2
358019        93231760      EN-77572    7
114303      63230770        EN-77703      5
915369       91187814      BR-15365    5
574036    59199342    SA-55330    8
747367        93231760       BE-39431    7
798625        99774549      BE-39738        9
156439        45914393        PI-15392    5
314078        30246960       BE-39137        2
254358    14956687    EN-73410       3
953707       49357767        SA-55330       1
906990    59561864        BR-15665        7
988319      36934113       AD-53760        6
216753      66039166       BR-15611        1
621540    22598563        BE-39584       1
998079       91187814    BR-15116      5
504011    71422479       PI-15404    4
449715    66039166      PI-15392       2
801974       32538825      BR-15864    10
530416       58643376    PI-15488       3
328363       86988155      BE-39955       5
872028    93961840      EN-77214       4
530416        58643376    BR-15864        2
911467      99774549    EN-77910        9
403672       54149342        EN-77572      7
119991       53420926        BE-39431      6
145715        61061535    BE-39160       4
768474    62126128       BE-39851        2
632169        60543714    BR-15950       5
906990      59561864       BE-39489      8
406406      51873364      PO-11611    10
125328      61061535        BR-15823    8
292701       35606314       BE-39955       5
615768      92980780        BE-39955    7
636801        20371464    PI-15608      4
299977      49357767        AD-53518       7
900971    85395219    BE-39265        7
974769       14956687        BR-15823       7
366421       53420926    BR-15136    2
490445    92275859       BE-39903       10
380646       22598563    BR-15197    6
544862        72937662    BR-15578    1
547395    34571095        EN-77549    8
304497       51873364    EN-77493    8
125328    61061535      BR-15921      3
621974       32538825       BR-15365      5
380646    22598563      AP-73500    10
744073    86836066        EN-77894       6
984153        60543714       BR-15116        7
187119       51642949    EN-53265    8
138781    82583252      AD-53991       3
984153    60543714       BR-15621    8
127019    46466842    BE-39160        5
623142    65308391      BR-15479       1
424007       72937662      EN-77971       4
449715        66039166       EN-77549      4
413102      22679759        BR-15760       1
288755       40711531       AD-53991       5
591433      66091742      BR-15611    8
366421        53420926    AD-90766       7
594895    34697743    SA-55330    6
811186       36934113       BE-39903      3
765579    71422479    EN-90365    8
871002       35852072       EN-77493       2
138781    82583252        EN-77493      4
591433    66091742      BE-39536      2
561156        41964357      BR-15756        9
431133       58643376    BR-15945    4
947313      59561864      AD-53502        7
544862       72937662        BE-39695      2
997980      31284904        AD-90766    10
997002       35606314       PA-11692       7
138781      82583252      EN-77606       10
974769      14956687       BE-39431      1
308748        59596317    BR-15326       6
823450      94683380      AD-90766      7
531671      25062013    BR-15621      5
807876        36471787        BR-15116        10
561622    35347567        BE-39227    9
282358        35852072      AD-53518      5
705335       59199342       SA-55330       10
261051        36471787       BE-39536    7
289957       75100362      BR-15724       10
747751    12484697    EN-77690       5
780654       57182371       BR-15926    8
479977      36471787        BE-39747    2
798625       99774549       BR-15921      8
590880       59561864    BR-15621    3
477444       60543714        AD-53502      2
973050       43704548       BR-15136        7
911467      99774549        BR-15621       1
768474       62126128        EN-77487        6
442735        91187814      AD-53377        9
294538    34697743    BR-15760      3
621540        22598563       AD-53814      6
368734    68269451    BR-15116        6
156439        45914393        EN-77572      4
499778      53420926       PA-11692      4
482635        68269451       BE-39903       2
934108      62287143       AD-53377    3
181472    60543714    BE-39137    7
752219      78223294       BE-39160      1
773053       51808448       EN-77549        8
615768       92980780    AD-53518       7
531671       25062013        PA-11692       3
773053      51808448        BR-15864       7
358019       93231760       BR-15592      2
593758        81539774    BR-15283      2
501821      52313890    BR-15665       2
998079      91187814       BE-39903        6
366421      53420926        PI-15404       2
427178    73518695    BR-15621       1
497376    93961840        BE-39160        8
210959    72330000        AD-53518        7
331362      51642949        BE-39851      8
111663       52313890        EN-77572        9
254358    14956687    AD-53377        8
424007    72937662    BR-15116    6
172184      81334083    PO-11471    3
768474       62126128      BE-39864    8
294538       34697743       BR-15621    7
508029       31712526        BR-15197       4
309299       31284904      PA-11850        7
973050        43704548        AD-90766      3
561156       41964357      BR-15665       1
847248      54149342        EN-53265    9
181340       72330000        BR-15136       4
329964    65912822       BR-15136       8
577242        86836066        AP-73428      5
152386    15290194       BR-15142    1
111663      52313890    SA-55338      4
262598    81647285    EN-77971    10
773053       51808448      EN-77572       5
331362      51642949      SA-55330    9
835027       94683380    BE-39747        1
470947      66091742        BE-39747        5
229797    90367684       PI-15608       4
290660        59199342       BR-15272       7
222201       37282858    AD-53546    4
903078      22598563      BR-15864    4
751666    51642949       BE-39955      9
579570    72973662      BE-39738        8
768281       72937662      EN-53265       9
234730       43704548        EN-77381      2
906990      59561864      BE-39536    2
530416      58643376       AD-53518        5
164900        72330000       BE-39695        1
768281       72937662       PA-11692        1
747367        93231760       PO-11611        4
449715       66039166        BR-15142        3
244276       90367684    AP-73428       8
705335    59199342    EN-77487    10
832902    51873364        BR-15319       3
424007        72937662    BE-39475       6
516696       36471787        EN-77549        1
499778        53420926        BE-39431       9
410319        22303979       BE-39160        5
577242       86836066       BR-15760    6
181340    72330000      EN-77493        1
282358    35852072      BE-39896       9
904805       81647285        BR-15197        8
544862        72937662    BR-15724        2
381603      86297512        AD-53814       9
466115       36934113      EN-77971    7
309299        31284904       PA-11871    7
931918      22679759      PA-11850    8
765579       71422479       BR-15525      1
984153        60543714    BE-39955      2
624251      90367684        BR-15197    8
946451        41964357    EN-53265        3
652747      80694546       PO-11621       1
470947       66091742       EN-77493       8
547395       34571095       EN-77910    7
261051    36471787    EN-77572        6
711123        49357767        BR-15136        10
539094        54815159    PI-15488      2
158211        52313890    EN-77910      1
490445      92275859       BE-39738      4
358019        93231760    BE-39987        7
607099      35852072    BR-15823       4
289957       75100362        BE-39695    2
320690       32538825        BE-39137        6
229797        90367684        BR-15864    1
164900      72330000    BR-15823    7
930732        34571095    EN-77487    1
342947       80694546        BR-15578       6
501821      52313890      BE-39584    6
414669      28992638      AP-73428      1
292701        35606314    AP-73428      5
331362      51642949    EN-77487        3
788134       57182371       BR-15283    7
568930    22598563        BE-39738        4
589059        79100967        BR-15297      3
980897      72330000    PO-11471       10
138949       25062013      BE-39584      7
381603       86297512       BE-39955        7
547395        34571095      EN-77214       4
229797       90367684    AP-73428       2
181340      72330000      EN-73410        8
164900        72330000    EN-77214       4
377454        35852072       EN-77690        4
900459        37769366      BR-15116      10
236975      51873364      AD-53502      1
255034        68269451    EN-73410        4
872028        93961840       BR-15724       10
988319    36934113        BE-39265    4
623142      65308391    EN-77381        5
745839    93231760      EN-53265    9
711123    49357767    BR-15665    10
947313    59561864        BR-15592    2
156439    45914393    PA-11871    5
553475       81647285       BE-39536        8
788167        41964357    BE-39584      8
449715       66039166        AP-73500      2
456118        81539774      ES-31815      2
304497       51873364      BE-39199    10
745538      20371464       SA-55338      9
117660        68114999    BE-39227        4
590880        59561864    BR-15921       3
254358        14956687        AD-53518       4
411147        35606314        BR-15297       8
244107       93939698       PO-11751    7
632169    60543714    BR-15510      4
111663        52313890        BE-39489      1
382606      72973662        EN-77214        3
705335        59199342        BR-15319       6
406406      51873364      BR-15823        6
991438       95656771    PI-15404    1
931918      22679759        PA-11871        8
744073       86836066        EN-73410       7
125328      61061535       BR-15760    4
211001        86988155    BE-39695       6
747751       12484697    BR-15724    5
751666    51642949      PO-11611        8
865237    93939698       BR-15510       2
773053    51808448      ES-31815    8
561622      35347567       ES-31796        6
623142    65308391       BE-39160       4
985837      90367684    BR-15864       9
114303      63230770       BR-15578       4
915369        91187814    BE-39265        7
169344    63640178      EN-77690        8
111663    52313890       BR-15319    7
983446        49357767      BE-39955       3
254358    14956687        BR-15665      4
544862      72937662    EN-77381       8
358019       93231760    AD-53957    4
431133        58643376       EN-77690    7
211001    86988155      AD-53546        9
466115    36934113    BE-39584       1
981884       94683380      BR-15760       1
362232        65278099       BE-39955    9
553475       81647285       BR-15611        2
615768    92980780    EN-53265    10
431133       58643376       EN-77606    5
845288        80740735      BR-15479      9
565677        67277765        BE-39955      5
900971       85395219      BE-39903        8
596267        72937662        AP-73428        5
187119    51642949    EN-77572       3
869665       34697743        EN-77493      10
790582    77324146    BE-39747      2
501821        52313890       AP-73428        3
329964        65912822       EN-77549       5
508029    31712526        EN-77549       4
406983       72330000        BR-15197      9
534157    49357767    BR-15378       3
146940       12484697        BR-15297    7
615768       92980780       BR-15197    9
414009      59596317       BE-39160      10
222201    37282858       EN-77703       1
508029        31712526    AP-73500      2
246151    65912822      BE-39160       9
842138        71422479       BR-15510        1
931918    22679759      BR-15319      2
117660        68114999    PO-11611       2
181777      35852072      PA-11871    7
427178      73518695      PI-15608    8
842138       71422479        BR-15724    9
694238        86988155    PI-15608    1
352468    72973662       EN-77487    9
528967       75100362       EN-77156       10
840493    59199342    AD-53957      5
181472      60543714        BR-15283      8
377454        35852072       PO-11172      7
801974      32538825    BE-39265        2
596267        72937662    BE-39584        6
671441        90367684    AP-73500    2
234730       43704548    PO-11731      1
604991       81647285        PO-11751       10
647233       31284904        BE-39265      7
607099      35852072       BE-39160       7
569739        35347567       BR-15665    6
119991    53420926        PA-11500       3
562940       61061535      EN-90758        3
252120       36934113    BE-39695      5
561622    35347567    BR-15578      7
320690       32538825        AP-73500        5
769193      86988155      BR-15479      2
366421    53420926        PI-15153      2
624251    90367684        ES-31815    3
542427        59596317        PI-15392      7
164900    72330000    EN-53265    5
421210      95656771       PI-15608    8
172184    81334083        PI-15153       4
596267    72937662      BE-39738    1
842138        71422479    BR-15950       10
752219    78223294       EN-53265      3
414904    86836066      EN-77214        1
252120        36934113    BR-15724        9
782674      61061535        BR-15365       10
973050       43704548        BE-39955       6
900459      37769366      BR-15479      7
117660        68114999        AD-53377       4
331362      51642949        BR-15116        7
735717       22679759      EN-77381    10
294538       34697743       BE-39536    8
234730      43704548    BR-15621        5
561156      41964357       AD-53518        9
413102       22679759      BE-39738      10
604991       81647285        BR-15724      9
406983       72330000    BE-39489        1
227408    22598563        BE-39431       2
997002    35606314      EN-77572      8
508029      31712526    EN-53265      1
577242        86836066       BR-15665       1
456118        81539774       BE-39584    9
548569      27709566        BE-39695    7
211001    86988155       BE-39810        9
358019    93231760    BR-15724        4
169965    80694546    AD-53377      10
352468        72973662      BR-15319    3
290660       59199342      EN-77493      6
246151       65912822        BR-15745       7
244276      90367684      BE-39584        2
539094      54815159      BR-15297      1
304497        51873364    BE-39584      5
773053       51808448    BE-39584    2
456530       92275859      ES-31796    4
497376        93961840    EN-77419      2
973050        43704548       PI-15404    2
484298        93231760    PA-11692      4
490105       51642949        EN-77703      8
745839    93231760       BR-15724    9
152386    15290194    EN-77572    5
368734        68269451    PO-11620       4
911467        99774549    PA-11871    5
202599       31526241    BE-39955    10
561622        35347567        BR-15365        3
943088        85395219    PO-11751       1
255034       68269451        BR-15823    5
247099        81539774       BE-39747        2
621540        22598563        BE-39199      7
181340       72330000      BR-15921    10
111663       52313890        AD-53518       1
615768      92980780        BR-15479        3
251809       28992638      EN-77487    8
790582      77324146      BE-39199    4
530416       58643376    BR-15950       1
496123        57182371      BE-39227      6
988242      35606314        BE-39584      1
980897        72330000    EN-53265    3
904805       81647285        EN-53265    2
320690      32538825        EN-77487        2
152386      15290194       BR-15864    7
904805        81647285        AD-53814      4
568663      56100384      BE-39695        10
331362        51642949        BE-39536      8
983446        49357767      PO-11621      10
744073      86836066    PO-11621      8
155553      32538825    EN-77690    1
553475       81647285        AD-53518       6
547395       34571095      ES-31644      5
694238        86988155       AP-73428    1
478148        59199342    PA-11850    7
484298        93231760        EN-77572    6
445200       79133967       PI-15404       6
991438        95656771      AD-90766      2
409540    66091742       AD-53546        8
840493      59199342      BR-15283        1
289957      75100362    BE-39431      3
210959    72330000    AD-53377        2
410319        22303979      BE-39160       6
984153      60543714      EN-77910       10
768281      72937662       BE-39431       6
142128    86988155        EN-77549       3
896356      51642949       PO-11731        1
158069        71422479       BE-39903       7
381370      17299012      AP-73428        5
871002       35852072        BE-39160      4
294538       34697743        EN-77691      9
309299      31284904       EN-53265      3
145715        61061535    BE-39431       2
604991      81647285        BR-15116      9
437540       90367684       EN-77381        5
424007    72937662        BE-39851    6
427178      73518695        BR-15116    1
961419    77324146    AD-53764        9
484298       93231760        BE-39851        8
484298      93231760        BE-39536      9
138949    25062013      ES-31815      6
904805      81647285       BR-15525      8
874983        54815159    AD-90766       4
732996        93961840      BR-15823      6
119991      53420926        PO-11620      8
998079       91187814      BE-39431      3
240169       45914393        BR-15378       6
234730    43704548       AD-53377    8
292701      35606314    PO-11620        4
946451       41964357        PO-11731      4
865237        93939698        AD-53502      4
908458       34697743       EN-77572      8
866198        52650965    BE-39160    5
308748       59596317    BR-15378      10
568663      56100384    BE-39160    9
490445    92275859    BR-15756       7
973050       43704548      BR-15365      10
470947      66091742        BE-39738      5
431133       58643376       PI-15608        9
988319        36934113      AD-53477        8
393903    52313890      BR-15142       8
211001    86988155      BE-39160       6
170173       62126128       EN-77690       1
127019        46466842       EN-77703      4
496123       57182371        BR-15724      10
320690       32538825       BR-15760       3
282358      35852072       BE-39536       7
352468        72973662        BR-15116      8
304497      51873364        BE-39747       1
596267      72937662      EN-77493      10
414904      86836066      EN-77703        9
380646        22598563    BR-15864      3
320690       32538825    PA-11871      8
222201       37282858        BE-39431    6
298464        79133967    BR-15419      3
406406    51873364       BR-15479    8
866198      52650965       BE-39431      9
934108      62287143      PA-11500        3
145715        61061535        EN-77381       5
516483        41964357      EN-77487      8
288755    40711531        EN-73410        2
965791        76595144      EN-77910      5
632169        60543714    AD-53377    8
768474      62126128       BR-15378    6
413102      22679759       BE-39227       8
788134    57182371       BR-15419        4
252120      36934113    ES-31815        2
991438      95656771      BR-15136        9
290660    59199342      BR-15142    1
998079      91187814        BR-15823       4
900459       37769366       BE-39141      10
158069      71422479       BE-39584    3
593758    81539774    BE-39955      9
246151      65912822      BR-15578        7
377454       35852072        EN-77910      5
866198       52650965        EN-77703      2
531671      25062013       BE-39137    3
904805        81647285       PO-11471    1
255034        68269451    BR-15745        2
158069      71422479       BR-15756       3
865237    93939698       PA-11500       4
413102    22679759    AP-73428      1
381370    17299012        BR-15950    5
497376        93961840    BR-15326        4
236975        51873364      EN-77493    8
246151       65912822    EN-77381      6
513457      91187814    BE-39747    2
244276        90367684      EN-77493        7
981884        94683380      BR-15525      10
155553    32538825        BE-39955    5
788134      57182371       ES-31815    10
426890      77440060      BE-39536    7
906990    59561864    AD-53377        7
289957    75100362       EN-53265        9
161044        93939698       EN-77381       5
943088        85395219    BE-39584       7
561156    41964357       BE-39536        9
449715       66039166    BE-39584    5
406983        72330000       EN-77606      10
247099      81539774      BE-39738    2
411147        35606314        PA-11850      8
961419      77324146      AD-90766      4
170173    62126128    PA-11692      7
501322      63640178      BR-15142        9
247099       81539774       BE-39227      2
621974      32538825        AD-53518        10
806230       14956687        EN-90758    2
636801    20371464        BR-15611        6
561622        35347567      BE-39864    2
366421      53420926        BR-15283    5
866198    52650965      EN-77381    5
652747    80694546        BE-39431    9
427178    73518695       BE-39955      8
210256      32352361        AP-73500      5
181472        60543714      BE-39489    10
865237        93939698       BR-15297      2
423765        75100362        AD-53477    5
513457    91187814        EN-77493       6
331362        51642949       BR-15378      2
874983        54815159      BR-15319      7
561156       41964357    BE-39584      7
984153    60543714      BE-39141       2
292701       35606314        AD-53377       9
329964        65912822       AD-53546       7
623142       65308391       BE-39431       2
788134    57182371      EN-77606    10
217929    51873364    BR-15578        3
615768      92980780      BE-39160        1
900459      37769366        BE-39955        9
445200      79133967       EN-77214        1
414904      86836066       BE-39987      8
997980      31284904       PO-11751      7
328363    86988155        AD-53814        2
155553      32538825    BR-15621      2
414669       28992638       BE-39747        8
699046        34697743    BR-15926       8
478986    81539774       BE-39227    10
459459       59561864      BE-39265       6
707266    92275859      BR-15479      3
211001      86988155    BR-15479    10
111663       52313890    EN-90758    10
534157      49357767       BE-39864        10
883970        49573578        BR-15525       8
508029    31712526        BR-15142    3
414009        59596317      EN-77606        10
652574        36471787    BE-39431      3
217929        51873364       PO-11751        5
234730        43704548    EN-53265      1
565677      67277765       EN-53265      2
289957    75100362      EN-77214      4
577242        86836066      EN-77493        6
900971      85395219        AD-53518      4
621974        32538825    EN-77910        8
499778    53420926        EN-77572       2
747367    93231760        BR-15116      6
984153      60543714       BR-15479       3
236975      51873364    ES-31644       6
252120        36934113      EN-77214       9
254358       14956687        EN-77910        8
362232       65278099       EN-53265        6
747367      93231760      BR-15823      9
684365      12484697        EN-77910    5
531671      25062013       AD-53760      8
255034        68269451        EN-77606       10
244107        93939698    AD-90766    5
401565    64262396      EN-77381    10
874983    54815159      PO-11171       9
732996      93961840    EN-77493      4
309299    31284904       BR-15621      3
381370    17299012       BE-39431      9
181472        60543714    BE-39265      5
421210        95656771        BR-15116       10
234730       43704548      BR-15378        6
138949      25062013    BR-15864       5
593758        81539774      BR-15525    4
871002    35852072    BR-15823    4
973050       43704548        BR-15283      9
748120       25062013        BR-15592      1
158211       52313890       BR-15197        10
873741      57182371       BE-39265    4
244276        90367684    BE-39199    8
255034    68269451       EN-77493      7
981884      94683380    BE-39738      4
504011    71422479    PO-11172       9
381603        86297512      AD-53518       7
289957      75100362      AD-53814      4
146940    12484697        EN-77910    5
414009    59596317      BR-15823        8
873741      57182371    BE-39475        2
797896    45914393    AP-73428    7
788134        57182371      BR-15724      1
590880        59561864      EN-77910    9
997002      35606314        AD-53764    3
607099        35852072       EN-77493      4
561622      35347567    PO-11471      5
149836        59596317       BE-39955       7
358019      93231760        PO-11171        5
934108    62287143    EN-77691      10
352468        72973662    BE-39265    7
414009       59596317       EN-77493        4
577242        86836066      BE-39738    4
911467        99774549       BR-15419    4
541680      34571095    BR-15479       5
459459    59561864        BE-39903       8
847248    54149342       PI-15392      3
748120      25062013    AD-53518      3
149836        59596317        SA-55338    7
562940       61061535        AP-73428      6
593758      81539774       PO-11471        9
437540        90367684      BE-39160    6
748120        25062013      EN-77910    7
593758        81539774    EN-53265    6
289957      75100362        EN-77690        9
414904        86836066    AD-53477       8
246151    65912822       BR-15724        3
747751        12484697        BE-39695      9
490105    51642949    EN-77691       10
508029      31712526      BE-39584       5
380646    22598563        BR-15136    1
804501        71422479    BR-15760    1
478148    59199342    AD-53546        8
421210    95656771        EN-77606        9
544862    72937662    BE-39160        8
138781      82583252        BR-15136    8
328363    86988155       BR-15525    4
931918    22679759      PO-11171       1
211001      86988155      EN-77381      3
594895        34697743      SA-55338        7
684365      12484697       BE-39536      8
790582        77324146       BE-39738       3
782674    61061535       BR-15319      4
973050      43704548        EN-77549        10
314078    30246960      BR-15621      6
832902       51873364      BE-39903       9
294538       34697743    PO-11620        9
516483    41964357       BE-39265        2
991107    12484697       EN-77910        5
623142    65308391    EN-77703        3
329964      65912822      PI-15404      10
991438        95656771        AD-53546      1
254358        14956687       BE-39536      6
290660    59199342       BR-15745      4
622546    93231760      BR-15578        8
236975    51873364       BR-15378       5
282358       35852072        EN-77487    9
246151    65912822    BE-39695        10
531671        25062013       BR-15665        9
621540      22598563      BE-39738      2
304786      63640178    PA-11692    4
800857      51465986       AD-53957       5
155553       32538825    BR-15116    9
431133        58643376       BE-39141        7
835027      94683380    AD-53814        1
981884      94683380    BE-39227       4
501821       52313890       BE-39738    2
406406      51873364      EN-77381      2
403672       54149342        BE-39431        4
908458      34697743    BR-15592      3
988319      36934113        EN-77894      7
579570       72973662      EN-77493        4
946451        41964357      AD-53502      8
548569        27709566    BR-15745      4
790582    77324146      EN-77493      8
732996      93961840      EN-73410        2
883970    49573578       AD-53814        4
289957      75100362       ES-31815        6
840493    59199342       EN-77606        4
621974       32538825    BR-15319      10
591433       66091742      BR-15864       6
432825    62126128    AD-53518    6
565677    67277765      BR-15525    4
352468       72973662    SA-55338       1
953707       49357767    BR-15319      6
255034       68269451    BR-15136       4
947313    59561864       BE-39864    4
806230    14956687      BE-39489      7
229797       90367684       BR-15611       1
304497      51873364      BR-15665      9
314078      30246960      PA-11871        2
769193       86988155    EN-77910        1
790582        77324146        AP-73428        5
119991       53420926    AD-53477       3
711123       49357767       AD-53377    8
891024        93231760      PO-11620        1
414009    59596317        EN-77214      1
632169    60543714      BE-39431        3
181340      72330000       BR-15823      5
544862        72937662      BR-15745      4
574036        59199342        BE-39536       10
931918      22679759       PI-15392      2
806230      14956687       BR-15365      6
