============================================================================================================================================
                                                           EMPRESA DE SALUD S. A.
                                                      REGISTRO DE INGRESOS POR MEDICO
============================================================================================================================================
No.     Codigo del      Tarifa     Ingresos por     Ingresos por      Total       Pacientes atendidos    Pacientes atendidos     Total de
          Medico                    las citas       medicamentos    ingresado        con medicinas          sin medicinas        pacientes
--------------------------------------------------------------------------------------------------------------------------------------------
001       50611         337.03        7125.86          7345.34       14471.20              6                      1                   7
002       15092         756.45       30142.34         14292.69       44435.03              8                      2                  10
003       60184         738.90        4659.21          1871.77        6530.97              1                      2                   3
004       90798         758.51        3396.46          3783.60        7180.06              2                      1                   3
005       80786         997.38        2732.52          5729.01        8461.53              6                      1                   7
006       70233         902.38       38197.56         17745.76       55943.32             11                      0                  11
007       89213         389.91        9258.69         10525.97       19784.66              7                      3                  10
008       90907         470.72         738.89          7828.19        8567.08              7                      0                   7
009       60934         526.45           0.00          8571.76        8571.76              4                      1                   5
010       14787         298.45        3408.93          8478.70       11887.63              6                      4                  10
011       60049         780.49       23469.41         13628.48       37097.90              8                      0                   8
012       70269         523.53        2654.56          2585.46        5240.02              3                      0                   3
013       53556         410.37        4769.89         11290.15       16060.04              7                      2                   9
014       70612         842.24        9202.99         11640.23       20843.22              4                      1                   5
015       64405         232.61        4229.04          8472.87       12701.90              7                      2                   9
016       90929         405.69        3775.11          5000.99        8776.09              5                      3                   8
017       70367         781.15       10556.07         17264.40       27820.47              9                      1                  10
018       18708         176.60        1551.85          3066.81        4618.67              3                      0                   3
019       80138         319.80        2010.29          9744.49       11754.78              6                      0                   6
020       35451         897.50        6113.59          8907.72       15021.31              5                      0                   5
021       70992         525.59       11502.54         14780.58       26283.12              9                      2                  11
022       49768         197.06         392.05          3887.31        4279.36              3                      1                   4
023       33687         654.46       23916.19         13936.72       37852.92              9                      1                  10
024       70789          19.29         513.24         11465.01       11978.25              6                      2                   8
025       18262         981.29       19607.84          5437.77       25045.61              5                      0                   5
026       14655         940.91       21829.11          8920.15       30749.27              6                      1                   7
027       80227         170.85           0.00             0.00           0.00              0                      0                   0
028       34115         893.34        7927.59          2442.15       10369.73              4                      1                   5
029       80040           4.56          74.04         14578.76       14652.79              8                      3                  11
030       25448         496.87        6369.58         10222.89       16592.47              7                      0                   7
031       40414          55.48        1019.62          6395.33        7414.95              7                      1                   8
032       90562         869.33        3463.67          1291.24        4754.91              3                      2                   5
033       91509         146.35        2250.07          9829.73       12079.80              7                      2                   9
034       30557         169.44        1522.88          8216.70        9739.57              7                      3                  10
035       20189         854.93        5555.34          2350.69        7906.03              4                      0                   4
036       30082         184.46        2085.89         14159.23       16245.12              5                      0                   5
037       50718         264.21        1839.69          8363.55       10203.24              7                      2                   9
038       52063         792.07        4482.96          2513.22        6996.18              1                      3                   4
039       80063         256.05        4203.50         17801.95       22005.44             10                      3                  13
040       19777         977.98        7500.81          6524.82       14025.63              3                      4                   7
--------------------------------------------------------------------------------------------------------------------------------------------
Totales:                            294049.86        340892.17      634942.04            226                     55                 281
============================================================================================================================================










============================================================================================================================================
                                                           EMPRESA DE SALUD S. A.
                                                    REGISTRO DE INGRESOS POR MEDICAMENTO
============================================================================================================================================
No.       Codigo del              Precio        Cantidad de unidades           Ingresos sin             Descuentos por            Total
          Medicamento                                 vendidas                  descuentos               los seguros            ingresado
--------------------------------------------------------------------------------------------------------------------------------------------
001          60509                 58.65                 52                      3049.80                   2419.21               630.59
002          73972                 54.40                 79                      4297.60                   3909.60               388.00
003          94429                 52.70                 20                      1054.00                    768.61               285.39
004          43709                 78.20                 40                      3128.00                   2571.71               556.29
005          82469                 60.35                 52                      3138.20                   2624.43               513.77
006          93578                 55.25                 33                      1823.25                   1279.69               543.56
007          26484                 29.75                 26                       773.50                    700.01                73.49
008          95196                 62.05                 23                      1427.15                   1053.21               373.94
009          65667                 61.20                 97                      5936.40                   4789.55              1146.85
010          94415                 68.85                 37                      2547.45                   2025.83               521.62
011          11370                  2.55                 26                        66.30                     60.36                 5.94
012          49644                 73.95                 65                      4806.75                   4171.30               635.45
013          76238                 56.95                 20                      1139.00                   1111.28                27.72
014          76596                  9.35                 61                       570.35                    483.53                86.82
015          48244                 25.50                 46                      1173.00                    809.71               363.29
016          34070                 73.10                 91                      6652.10                   5498.89              1153.21
017          70226                 39.95                 43                      1717.85                   1478.16               239.69
018          30220                 39.95                 59                      2357.05                   2100.90               256.15
019          88681                 53.55                 82                      4391.10                   3084.02              1307.08
020          40645                  4.25                 47                       199.75                    178.40                21.35
021          77358                 61.20                 41                      2509.20                   1866.45               642.75
022          41995                 25.50                 50                      1275.00                    760.91               514.09
023          90198                 44.20                 19                       839.80                    691.96               147.84
024          77466                  5.95                 47                       279.65                    241.89                37.76
025          61508                  4.25                 87                       369.75                    265.20               104.55
026          22842                 47.60                 51                      2427.60                   1866.44               561.16
027          53166                  5.95                 53                       315.35                    255.39                59.96
028          54692                 28.90                 27                       780.30                    666.90               113.40
029          85865                  8.50                 37                       314.50                    216.93                97.57
030          16055                 45.90                 47                      2157.30                   1750.16               407.14
031          22553                 39.10                 55                      2150.50                   1806.82               343.68
032          31311                 65.45                 30                      1963.50                   1637.15               326.35
033          43633                 39.10                 32                      1251.20                    909.99               341.21
034          31389                 52.70                 87                      4584.90                   3886.11               698.79
035          79996                 31.45                 32                      1006.40                    681.65               324.75
036          48039                 11.90                 56                       666.40                    562.58               103.82
037          16299                 49.30                 86                      4239.80                   3472.20               767.60
038          26506                 28.05                 41                      1150.05                    839.18               310.87
039          89325                 79.05                 67                      5296.35                   4077.23              1219.12
040          55701                 46.75                 36                      1683.00                   1212.92               470.08
041          16681                 22.10                103                      2276.30                   1898.07               378.23
042          27016                 51.00                 77                      3927.00                   3409.61               517.39
043          85325                 56.10                 92                      5161.20                   4228.51               932.69
044          30428                 19.55                 33                       645.15                    451.87               193.28
045          15098                 81.60                 36                      2937.60                   2572.58               365.02
046          42861                 23.80                 46                      1094.80                    853.34               241.46
047          13364                 13.60                 54                       734.40                    570.87               163.53
048          86451                 21.25                 11                       233.75                    186.69                47.06
049          32486                 24.65                 71                      1750.15                   1226.97               523.18
050          77203                 80.75                  0                         0.00                      0.00                 0.00
051          30007                  0.85                 25                        21.25                     17.46                 3.79
052          65536                  1.70                 17                        28.90                     27.43                 1.47
053          84771                 39.10                 25                       977.50                    821.94               155.56
054          81695                 15.30                 42                       642.60                    445.26               197.34
055          49756                 52.70                 36                      1897.20                   1435.45               461.75
056          58200                 56.10                 15                       841.50                    625.33               216.17
057          89839                 73.95                  0                         0.00                      0.00                 0.00
058          53084                  0.85                 97                        82.45                     69.51                12.94
059          61039                 78.20                 14                      1094.80                    794.66               300.14
060          36822                  9.35                  0                         0.00                      0.00                 0.00
061          24522                 43.35                 73                      3164.55                   2412.17               752.38
062          37007                 47.60                 70                      3332.00                   2470.63               861.37
063          17845                  5.10                 38                       193.80                    154.99                38.81
064          19397                 37.40                 21                       785.40                    652.49               132.91
065          45814                 35.70                 94                      3355.80                   2715.13               640.67
066          49157                 66.30                 23                      1524.90                   1031.51               493.39
067          72939                 76.50                 40                      3060.00                   2202.12               857.88
068          26920                 45.05                 51                      2297.55                   1819.66               477.89
069          31883                 67.15                 61                      4096.15                   3525.97               570.18
070          64347                 65.45                 48                      3141.60                   2157.77               983.83
071          30430                 22.10                 55                      1215.50                   1045.10               170.40
072          38648                 69.70                 66                      4600.20                   4132.93               467.27
073          59121                 81.60                 87                      7099.20                   5549.60              1549.60
074          41379                  1.70                 57                        96.90                     79.58                17.32
075          42053                 10.20                 57                       581.40                    531.28                50.12
076          16359                 75.65                 85                      6430.25                   5368.81              1061.44
077          17645                 22.95                 21                       481.95                    368.12               113.83
078          33276                 11.05                 18                       198.90                    173.67                25.23
079          98679                 41.65                 47                      1957.55                   1444.84               512.71
080          86828                 32.30                 41                      1324.30                   1008.33               315.97
081          95540                 28.05                 17                       476.85                    429.77                47.08
082          94459                 53.55                 73                      3909.15                   3706.60               202.55
083          60888                  7.65                 33                       252.45                    217.75                34.70
084          26754                 68.00                 29                      1972.00                   1430.38               541.62
085          79189                 73.10                 30                      2193.00                   2149.24                43.76
086          81333                 40.80                 31                      1264.80                   1122.93               141.87
087          33311                 20.40                 81                      1652.40                   1395.14               257.26
088          62302                 41.65                 45                      1874.25                   1615.73               258.52
089          72495                 43.35                 25                      1083.75                    784.55               299.20
090          16813                  5.95                 86                       511.70                    365.41               146.29
091          36711                 84.15                 54                      4544.10                   3641.96               902.14
092          55021                 82.45                 76                      6266.20                   4819.45              1446.75
093          34080                 60.35                 22                      1327.70                   1245.05                82.65
094          36622                 57.80                 46                      2658.80                   2131.75               527.05
095          72969                 58.65                 52                      3049.80                   2491.10               558.70
096          40997                 41.65                 52                      2165.80                   1819.27               346.53
097          67415                 52.70                 48                      2529.60                   2290.75               238.85
098          70024                 68.85                 60                      4131.00                   3164.40               966.60
099          22232                 69.70                 46                      3206.20                   2893.37               312.83
100          33390                 28.90                 16                       462.40                    343.85               118.55
101          58252                 34.85                 11                       383.35                    323.93                59.42
102          86476                 11.05                 49                       541.45                    418.94               122.51
103          96881                  7.65                 40                       306.00                    223.95                82.05
104          79851                 84.15                 22                      1851.30                   1726.93               124.37
105          30796                 54.40                 33                      1795.20                   1620.61               174.59
106          73174                 41.65                 46                      1915.90                   1748.08               167.82
107          76360                 32.30                 20                       646.00                    508.01               137.99
108          52072                 63.75                 72                      4590.00                   3503.65              1086.35
109          68539                  5.10                 45                       229.50                    171.28                58.22
110          14075                  9.35                 48                       448.80                    345.05               103.75
111          53200                 68.85                 65                      4475.25                   3604.63               870.62
112          92628                 45.90                 40                      1836.00                   1230.48               605.52
113          47734                 39.10                 25                       977.50                    609.16               368.34
114          46919                  5.95                 24                       142.80                     92.54                50.26
115          57505                 43.35                 69                      2991.15                   2531.82               459.33
116          34027                 79.05                 38                      3003.90                   2265.15               738.75
117          96031                 45.90                 15                       688.50                    481.19               207.31
118          42856                 10.20                 37                       377.40                    364.41                12.99
119          48557                 59.50                 40                      2380.00                   2122.04               257.96
120          65985                 79.90                100                      7990.00                   6269.24              1720.76
121          41403                 43.35                 44                      1907.40                   1362.80               544.60
122          24733                 59.50                 36                      2142.00                   1504.09               637.91
123          31189                 40.80                 54                      2203.20                   1572.89               630.31
124          28219                 82.45                 42                      3462.90                   2602.37               860.53
125          28409                  4.25                 31                       131.75                    105.46                26.29
126          80830                 78.20                 71                      5552.20                   4328.06              1224.14
127          84766                 79.90                 31                      2476.90                   2383.26                93.64
128          97465                  4.25                 19                        80.75                     64.29                16.46
129          30690                 41.65                 80                      3332.00                   2808.47               523.53
130          25684                 84.15                  1                        84.15                     65.85                18.30
131          84555                  4.25                 63                       267.75                    215.31                52.44
132          72061                 51.00                  6                       306.00                    306.00                 0.00
133          55439                 72.25                 64                      4624.00                   3466.60              1157.40
134          92517                 11.90                 41                       487.90                    404.95                82.95
135          37549                 44.20                 23                      1016.60                    741.08               275.52
136          43222                 11.05                 81                       895.05                    677.16               217.89
137          92560                 28.90                 42                      1213.80                   1026.49               187.31
138          81821                 61.20                 54                      3304.80                   3020.68               284.12
139          51148                 56.10                 26                      1458.60                   1344.35               114.25
140          39088                 11.90                 41                       487.90                    481.72                 6.18
141          74680                 56.10                 44                      2468.40                   2238.35               230.05
142          85641                 28.90                 18                       520.20                    421.75                98.45
143          27447                 59.50                 29                      1725.50                   1366.56               358.94
144          61295                 84.15                 85                      7152.75                   6199.26               953.49
145          44253                 36.55                 40                      1462.00                   1037.60               424.40
146          57036                 38.25                 52                      1989.00                   1757.44               231.56
147          22306                 76.50                 44                      3366.00                   2497.46               868.54
148          53846                 47.60                 60                      2856.00                   2337.81               518.19
149          63555                 43.35                 78                      3381.30                   2452.50               928.80
150          70303                 72.25                102                      7369.50                   6423.13               946.37
151          36649                 79.05                 42                      3320.10                   2825.62               494.48
152          96554                  4.25                 42                       178.50                    143.76                34.74
153          86681                  8.50                 57                       484.50                    379.74               104.76
154          44215                 33.15                 36                      1193.40                   1024.74               168.66
155          62008                 17.85                 38                       678.30                    448.35               229.95
156          68610                 51.85                 19                       985.15                    735.75               249.40
157          55813                 22.95                 21                       481.95                    434.23                47.72
158          50450                 74.80                  0                         0.00                      0.00                 0.00
159          67784                 73.95                 49                      3623.55                   3223.41               400.14
160          82528                 19.55                 26                       508.30                    373.28               135.02
161          28892                 26.35                 72                      1897.20                   1566.49               330.71
162          86158                 47.60                 52                      2475.20                   2310.63               164.57
163          77534                 38.25                 55                      2103.75                   1932.70               171.05
164          81960                 81.60                 52                      4243.20                   3713.83               529.37
165          60086                 23.80                 24                       571.20                    563.56                 7.64
166          70225                 47.60                 63                      2998.80                   2448.79               550.01
167          83801                 37.40                 26                       972.40                    838.68               133.72
168          83510                 22.95                 44                      1009.80                    748.16               261.64
169          11592                 68.00                 50                      3400.00                   3035.97               364.03
170          47697                 14.45                 58                       838.10                    699.32               138.78
171          59395                 16.15                 54                       872.10                    705.78               166.32
172          60685                 79.90                 56                      4474.40                   3649.58               824.82
173          58259                 85.00                 34                      2890.00                   1902.85               987.15
174          17790                 17.00                  0                         0.00                      0.00                 0.00
175          34066                 51.85                 68                      3525.80                   2514.53              1011.27
176          70113                 30.60                 43                      1315.80                   1058.50               257.30
177          14962                 46.75                 26                      1215.50                   1050.00               165.50
178          91282                  6.80                 58                       394.40                    320.78                73.62
179          76247                 59.50                 90                      5355.00                   4197.92              1157.08
180          12388                 76.50                 66                      5049.00                   3750.47              1298.53
181          80839                 51.00                 20                      1020.00                    889.64               130.36
182          70807                 22.95                 18                       413.10                    271.26               141.84
183          70950                 45.05                 55                      2477.75                   1822.66               655.09
184          88994                 39.10                 75                      2932.50                   2342.54               589.96
185          90300                 40.80                 57                      2325.60                   1962.15               363.45
186          26360                  8.50                 44                       374.00                    298.25                75.75
187          46000                 50.15                 22                      1103.30                   1003.25               100.05
188          61211                 78.20                 37                      2893.40                   2141.50               751.90
189          89528                 13.60                 18                       244.80                    231.61                13.19
190          58036                 33.15                 64                      2121.60                   1709.50               412.10
191          39779                 85.00                 67                      5695.00                   4293.17              1401.83
192          91653                 40.80                 19                       775.20                    752.87                22.33
193          49685                 45.05                 37                      1666.85                   1259.11               407.74
194          36208                 63.75                  0                         0.00                      0.00                 0.00
195          30228                 12.75                 26                       331.50                    258.19                73.31
196          33200                 76.50                 48                      3672.00                   3208.52               463.48
197          18672                 15.30                 47                       719.10                    546.45               172.65
198          17804                 10.20                 45                       459.00                    410.85                48.15
199          68346                 10.20                138                      1407.60                   1026.67               380.93
200          75565                 46.75                  7                       327.25                    240.46                86.79
201          57269                 34.00                 79                      2686.00                   1922.30               763.70
202          28992                 64.60                 56                      3617.60                   2945.21               672.39
203          70116                 23.80                 52                      1237.60                    891.36               346.24
204          68730                  0.85                 41                        34.85                     31.88                 2.97
205          88266                 73.95                 63                      4658.85                   3452.23              1206.62
206          98261                 70.55                 18                      1269.90                   1209.69                60.21
207          40862                 76.50                 37                      2830.50                   2005.44               825.06
208          68860                 59.50                 52                      3094.00                   2885.42               208.58
209          39172                 41.65                 91                      3790.15                   2964.10               826.05
210          74924                 37.40                  9                       336.60                    279.19                57.41
211          81062                  9.35                 44                       411.40                    339.31                72.09
--------------------------------------------------------------------------------------------------------------------------------------------
Totales:                                               9697                    421604.25                 340892.17             80712.08
============================================================================================================================================
