============================================================================================================================================
                                                           EMPRESA DE SALUD S. A.
                                                      REGISTRO DE INGRESOS POR MEDICO
============================================================================================================================================
No.     Codigo del      Tarifa     Ingresos por     Ingresos por      Total       Pacientes atendidos    Pacientes atendidos     Total de
          Medico                    las citas       medicamentos    ingresado        con medicinas          sin medicinas        pacientes
--------------------------------------------------------------------------------------------------------------------------------------------
001       15092         756.45       30142.34         14292.69       44435.03              8                      2                  10
002       90798         758.51        3396.46          3783.60        7180.06              2                      1                   3
003       70233         902.38       38197.56         17745.76       55943.32             11                      0                  11
004       89213         389.91        9258.69         10525.97       19784.66              7                      3                  10
005       60934         526.45           0.00          8571.76        8571.76              4                      1                   5
006       60049         780.49       23469.41         13628.48       37097.90              8                      0                   8
007       53556         410.37        4769.89         11290.15       16060.04              7                      2                   9
008       70612         842.24        9202.99         11640.23       20843.22              4                      1                   5
009       90929         405.69        3775.11          5000.99        8776.09              5                      3                   8
010       70367         781.15       10556.07         17264.40       27820.47              9                      1                  10
011       80138         319.80        2010.29          9744.49       11754.78              6                      0                   6
012       70992         525.59       11502.54         14780.58       26283.12              9                      2                  11
013       33687         654.46       23916.19         13936.72       37852.92              9                      1                  10
014       18262         981.29       19607.84          5437.77       25045.61              5                      0                   5
015       14655         940.91       21829.11          8920.15       30749.27              6                      1                   7
016       34115         893.34        7927.59          2442.15       10369.73              4                      1                   5
017       25448         496.87        6369.58         10222.89       16592.47              7                      0                   7
018       90562         869.33        3463.67          1291.24        4754.91              3                      2                   5
019       30557         169.44        1522.88          8216.70        9739.57              7                      3                  10
020       30082         184.46        2085.89         14159.23       16245.12              5                      0                   5
021       52063         792.07        4482.96          2513.22        6996.18              1                      3                   4
022       80063         256.05        4203.50         17801.95       22005.44             10                      3                  13
--------------------------------------------------------------------------------------------------------------------------------------------
Totales:                            241690.56        223211.12      464901.67            137                     30                 167
============================================================================================================================================
