358019   93231760   8   11471   7   77572   4   15724   2   15921   5   11171   4   53957   7   39987   2   15592   5   15756
947313   59561864   8   77971   7   77549   7   53502   2   15592   3   15283   4   39864   7   77894   9   39695
961419   77324146   9   53764   4   90766   1   90758
804501   71422479   3   39475   1   15760
744073   86836066   5   11500   4   90365   8   11621   3   73500   6   15926   2   11731   6   77894   7   73410   2   39864
158069   71422479   7   39903   10   15611   3   39584   7   39475   7   15142   3   15756   1   77690   10   39489
478986   81539774   10   39227   5   11731   3   39137   7   53760
549421   31284904   2   39227
445200   79133967   1   77214   7   11283   6   15404
504011   71422479   3   15392   9   11172   4   77214   4   15404
333221   68114999   4   15136
684365   12484697   2   53518   8   77703   5   77910   8   39536   3   53764   10   39431
406983   72330000   4   39141   1   39489   9   15197   1   39987   3   39160   10   77606
788134   57182371   1   15724   7   15283   10   31815   10   15950   10   77606   4   15419   4   11611   10   53814
798625   99774549   8   15921   9   39738
748120   25062013   3   15142   7   77910   10   15319   6   15756   3   53518   7   39431   1   15592
149836   59596317   7   39955   7   55338   5   39536   8   15419
382606   72973662   3   77214
294538   34697743   8   39536   9   11620   9   77691   3   15760   4   39265   7   15621   3   77214
528967   75100362   10   77156   5   39987   3   39903   10   15745
423765   75100362   5   53477   2   11500
811186   36934113   3   39903
490105   51642949   4   15539   8   77703   10   77691
156439   45914393   7   39738   5   73410   4   77572   5   11871   5   15392   10   53939   3   15611   7   15578
943088   85395219   7   39584   5   39738   1   11751   1   15525
801974   32538825   2   39265   1   77910   5   77690   8   15756   10   15864
234730   43704548   6   15378   1   15319   5   15621   1   11731   8   53377   7   55330   7   15745   2   77381   1   53265
490445   92275859   10   39903   8   15116   4   39738   7   15756
539094   54815159   1   15297   2   15488
547395   34571095   7   77910   5   31644   9   77703   6   11850   4   77214   9   11692   3   53991   8   77549
903078   22598563   4   15864   5   39137
368734   68269451   3   39199   4   11620   6   15116
181777   35852072   7   11871   5   15611   2   77419   9   77606
475132   51465986   1   15760
908458   34697743   8   77572   3   53546   3   15592
217929   51873364   3   15578   5   11751
780654   57182371   8   15926
414904   86836066   9   77703   2   15756   8   39987   8   15488   10   53518   8   53477   7   39265   6   77894   1   77214
531671   25062013   9   15665   8   53760   3   39137   9   77156   5   15621   3   11692   4   53764
988319   36934113   8   53477   4   39265   7   77894   10   77214   9   15665   6   53760   7   39137
561622   35347567   4   15945   8   53764   7   15578   9   39227   5   15760   3   15365   6   31796   2   39864   5   11471
456530   92275859   4   31796
765579   71422479   1   15864   1   15525   7   11620   10   53764   2   39199   6   15272   8   90365
282358   35852072   9   39896   9   39864   9   77487   7   39536   2   11283   9   15608   5   53518
377454   35852072   7   11172   9   77156   4   77690   5   11283   5   77910
158211   52313890   1   77910   10   15197
169344   63640178   8   77690
516696   36471787   6   53265   10   77493   1   39955   1   77549
872028   93961840   10   15724   5   15283   8   39160   6   90766   4   77214   8   11283   1   15950   10   77762
781312   68269451   8   77762   9   15136
823450   94683380   7   90766   2   15950
656315   41964357   1   15319   2   31815   9   77381
275160   62126128   4   31815
807876   36471787   10   15116   10   39475   9   77493   2   15365   2   39955   6   39810   8   15297   8   53939
320690   32538825   2   77487   3   15760   5   73500   4   77156   6   39137   8   11871   9   15479
314078   30246960   2   39137   2   11871   8   15479   6   15621   7   11731   5   11751
946451   41964357   4   15621   4   11731   10   11751   8   53502   8   15419   7   15592   3   53265   3   11692
477444   60543714   2   11751   2   53502   2   77762   7   11172   5   15578   3   53764   10   15945
815830   34697743   1   15945   7   11620
891024   93231760   1   11620   8   11171   10   77156
993028   80694546   3   77156
497376   93961840   8   39160   2   77419   4   15326   2   15378
308748   59596317   6   15326   10   15378   6   15142   8   15745   5   31796
290660   59199342   1   15142   4   15745   2   31796   7   53939   6   77493   7   15272
218546   32538825   4   77493   3   15272   10   11171   4   15525   3   39695
460522   68269451   8   53939   5   77493
119991   53420926   5   39810   9   39442   3   11500   5   15950   3   53477   6   39431   5   39536   7   39955   8   11620
983446   49357767   3   39955   6   11620   10   11621   3   15142
501322   63640178   9   15142   3   15578
899847   63640178   1   15142
930732   34571095   10   11171   8   39810   1   77487   9   77493   7   11611
421500   71422479   5   77493   6   11611   4   15116   1   90365   10   77971
424007   72937662   6   15116   9   90365   4   77971   6   39475   6   39851   8   53377
934108   62287143   6   39199   3   53377   10   77691   3   11500   3   15297
865237   93939698   4   11500   2   15297   4   53502   2   15510
236975   51873364   7   15297   1   53502   2   15510   3   15319   6   31644   8   77493   8   53760   5   15378
406406   51873364   8   15479   6   39137   2   77381   4   15611   10   11611   9   15116   6   15823   1   39431
998079   91187814   5   15116   4   15823   3   39431   4   15136   6   39903   10   39695
482635   68269451   2   39903   9   39695   7   11751   6   39851
227408   22598563   2   39431   7   15136   4   39903
747367   93231760   4   11611   6   15116   9   15823   7   39431
181472   60543714   7   39137   10   39489   4   53760   5   39265   2   15479   9   39442   2   53957   8   15283   7   73500
840493   59199342   5   39442   5   53957   1   15283   8   73500   3   11172   6   53939   3   77691   9   77156   4   77606
671441   90367684   2   15283   2   73500
541680   34571095   5   15479
800857   51465986   5   53957
751666   51642949   6   53477   5   11620   9   39955   8   11611   2   39227   1   53377   7   90758   1   73428   8   15950
381370   17299012   3   39227   10   53377   1   90758   5   73428   5   15950   6   15724   5   15510   9   39431
530416   58643376   1   15950   10   15724   5   15510   5   39431   2   15864   3   15488   5   53518   1   11621   2   11471
562940   61061535   3   90758   6   73428
169965   80694546   9   11611   7   39227   10   53377
496123   57182371   6   39955   8   11611   6   39227   10   53377   4   90758   1   73428   8   15950   10   15724
632169   60543714   9   39227   8   53377   1   90758   5   73428   5   15950   4   15724   4   15510   3   39431   2   15864
292701   35606314   4   11620   5   39955   2   11611   6   39227   9   53377   5   90758   5   73428   7   15950
764269   62287143   7   53377
192023   81539774   8   39955
842138   71422479   3   53377   3   90758   1   73428   10   15950   9   15724   1   15510   5   39431
117660   68114999   2   11611   4   39227   4   53377   10   90758   3   73428   1   15950
478148   59199342   8   53546   10   11871   9   90766   7   11850
874983   54815159   8   11871   4   90766   9   11850   9   11171   5   15392   7   15319   7   15153
542427   59596317   5   11850   5   11171   7   15392
663311   59596317   7   11171   9   15392   8   15319   8   15153
244107   93939698   9   15283   7   53546   5   90766   7   11751   10   15365
973050   43704548   10   77549   6   39955   2   15404   7   15136   9   15283   2   53546   3   90766   9   11751   10   15365
366421   53420926   4   39955   2   15404   2   15136   5   15283   3   53546   7   90766   10   11751   9   15365   2   15153
991438   95656771   1   15404   9   15136   2   15283   1   53546   2   90766   10   11751   9   15365
329964   65912822   1   15665   5   77549   10   39955   10   15404   8   15136   10   15283   7   53546   5   90766
699046   34697743   1   15319   3   15153   8   15926   6   15326
931918   22679759   8   11871   5   90766   8   11850   1   11171   2   15392   2   15319   8   15153
997980   31284904   10   90766   7   11751   3   15365
906990   59561864   7   39442   8   39489   7   15756   2   39536   10   77971   10   53518   9   39584   7   15665   7   53377
254358   14956687   5   15756   6   39536   3   77971   4   53518   1   39584   4   15665   8   53377   8   77910   3   73410
442735   91187814   1   53518   10   39584   5   15665   9   53377
426890   77440060   6   15756   7   39536   2   77971
210959   72330000   7   53518   2   39584   4   15665   2   53377
466115   36934113   9   39536   7   77971   2   53518   1   39584   5   15665   4   53377
561156   41964357   6   39489   9   15756   9   39536   9   77971   9   53518   7   39584   1   15665
569739   35347567   6   15665   6   53377   8   77910
262598   81647285   10   77971   6   53518
352468   72973662   1   55338   8   15116   3   15319   8   55330   3   39536   9   77487   7   39265
331362   51642949   7   15116   5   15319   9   55330   8   39536   3   77487   6   39265   8   39851   2   15378
415664   41964357   6   77487
768474   62126128   4   39536   6   77487   6   39265   2   39851   6   15378   8   39864   6   39584
953707   49357767   6   15319   1   55330
647233   31284904   2   15319   8   55330   6   39536   6   77487   7   39265
594895   34697743   7   55338   7   15116   5   15319   6   55330   9   39536   1   77487   5   39265   3   39851   9   15378
574036   59199342   8   55330   10   39536
705335   59199342   6   15319   10   55330   8   39536   10   77487
988242   35606314   1   55330   2   39536   10   77487   4   39265   6   39851   8   15378   7   39864   1   39584
251809   28992638   9   39536   8   77487   10   39265
534157   49357767   5   55330   2   39536   2   77487   9   39265   7   39851   3   15378   10   39864
516483   41964357   8   77487   2   39265
240169   45914393   8   39265   8   39851   6   15378   2   39864
796698   35347567   9   39536   7   77487   1   39265   10   39851
356862   57182371   3   15864   4   11172   8   11611   8   11850   10   53265   5   15419   9   77910   5   15297   9   11871
911467   99774549   8   53265   4   15419   9   77910   5   15297   5   11871   1   15621   8   31644
298464   79133967   3   15419   2   77910   9   15297   9   77910
981222   71422479   10   53265   6   15419   2   77910
146940   12484697   5   77910   7   15297
411147   35606314   1   11172   6   11611   8   11850   3   53265   10   15419   7   77910   8   15297
309299   31284904   7   11850   3   53265   7   15419   6   77910   8   15297   7   11871   3   15621   2   31644   6   53477
589059   79100967   3   15297   8   11871   5   15621   9   31644
957768   53420926   8   53265   8   15419   4   77910   1   15297   6   11871   5   15621   10   31644
991107   12484697   9   15419   5   77910   6   15297
211001   86988155   9   39810   10   15479   5   39431   9   53546   3   77703   3   77381   6   39160   6   39695
342947   80694546   4   77381   1   39160   5   39695   3   15745   6   15578
161044   93939698   9   53546   2   77703   5   77381
239044   51873364   9   39160
548569   27709566   4   77703   1   77381   5   39160   7   39695   4   15745
145715   61061535   1   15479   2   39431   6   53546   3   77703   5   77381   4   39160   2   39695
246151   65912822   6   77381   9   39160   10   39695   7   15745   7   15578   3   15724   10   15116
324530   57182371   9   39431   3   53546   2   77703   5   77381   5   39160   5   39695
735717   22679759   5   77703   10   77381
437540   90367684   5   77381   6   39160
652574   36471787   1   15479   3   39431
622546   93231760   8   15745   8   15578
604991   81647285   5   77703   5   77381   5   39160   7   39695   3   15745   4   15578   9   15724   9   15116   10   11751
665458   32538825   9   39695   3   15745   2   15578   9   15724   2   15116   2   11751   1   55330
544862   72937662   8   77381   8   39160   2   39695   4   15745   1   15578   2   15724   8   15116
222201   37282858   6   39431   4   53546   1   77703   5   77381   5   39160
423432   54149342   3   39160
458056   57182371   9   77381   4   39160   7   39695
409540   66091742   8   53546   3   77703   10   77381
321936   35852072   3   53764   4   39536   10   39851   8   11692
170173   62126128   2   39851   7   11692   3   77572   6   39431   1   77690   4   15724   7   53265
840469   72330000   5   39431   6   77690   6   15724
304786   63640178   9   39851   4   11692   7   77572   4   39431
499778   53420926   5   39536   2   39851   4   11692   2   77572   9   39431   7   77690   9   15724   1   53265
745839   93231760   1   77690   9   15724   9   53265   3   15823
484298   93231760   9   39536   8   39851   4   11692   6   77572
403672   54149342   7   11692   7   77572   4   39431   7   77690
806164   35852072   8   39431   7   77690   4   15724   2   53265
187119   51642949   1   11692   3   77572   6   39431   3   77690   6   15724   8   53265
747751   12484697   5   77690   5   15724   9   53265   4   15823   2   77214   9   39695   3   31815
974769   14956687   10   77572   1   39431   6   77690   3   15724   8   53265   7   15823   7   77214
164900   72330000   8   15724   5   53265   7   15823   4   77214   1   39695   10   31815
997002   35606314   3   53764   5   39536   9   39851   7   11692   8   77572   2   39431
768281   72937662   1   11692   1   77572   6   39431   1   77690   3   15724   9   53265
289957   75100362   3   39431   9   77690   10   15724   9   53265   5   15823   4   77214   2   39695   6   31815   4   53814
252120   36934113   9   15724   6   53265   3   15823   9   77214   5   39695   2   31815
745538   20371464   10   11731   9   55338   8   53814   6   39199
621540   22598563   6   53814   7   39199   1   39747   9   77493   4   73428   2   39738   1   39584   1   39227
596267   72937662   3   39747   10   77493   5   73428   1   39738   6   39584
513457   91187814   5   39199   2   39747   6   77493
396272   53420926   10   55338   9   53814   9   39199   10   39747
304497   51873364   10   39199   1   39747   8   77493   9   73428   8   39738   5   39584   8   39227   9   15665
577242   86836066   6   77493   5   73428   4   39738   5   39584   2   39227   1   15665   6   15760   5   15621
790582   77324146   4   39199   2   39747   8   77493   5   73428   3   39738
501821   52313890   3   73428   2   39738   6   39584   7   39227   2   15665
896356   51642949   1   11731   4   55338   8   53814   8   39199
981884   94683380   6   73428   4   39738   8   39584   4   39227   4   15665   1   15760   10   15621   7   53957   10   15525
579570   72973662   9   39747   4   77493   3   73428   8   39738
647560   99774549   5   73428   2   39738   3   39584   1   39227   1   15665
568930   22598563   4   39738
413102   22679759   1   73428   10   39738   7   39584   8   39227   1   15665   1   15760
426905   36471787   8   39738
414669   28992638   8   39747   4   77493   1   73428
479977   36471787   10   53814   6   39199   2   39747   3   77493
931456   45914393   2   77493   7   73428   7   39738
835027   94683380   7   11731   1   55338   1   53814   2   39199   1   39747
244276   90367684   10   53814   8   39199   5   39747   7   77493   8   73428   3   39738   2   39584
869665   34697743   3   39747   10   77493   2   73428
470947   66091742   4   39199   5   39747   8   77493   8   73428   5   39738   8   39584
923530   79133967   10   39747   8   77493
797896   45914393   5   55338   5   53814   5   39199   9   39747   4   77493   7   73428
788167   41964357   8   73428   7   39738   8   39584
247099   81539774   9   39199   2   39747   8   77493   4   73428   2   39738   7   39584   2   39227
621974   32538825   4   39137   2   53546   8   77910   9   39903   7   39475   10   15319   7   39265   5   15365   10   53518
459459   59561864   8   39903   9   39475   2   15319   6   39265   1   15365
916368   80694546   4   53546   8   77910   9   39903
111663   52313890   7   15319   2   39265   8   15365   1   53518   1   39489   4   55338   10   90758   9   77572   6   11471
782674   61061535   10   39475   4   15319   3   39265   10   15365
832902   51873364   9   39903   3   39475   3   15319   9   39265   6   15365   9   53518
806230   14956687   6   15365   2   53518   7   39489   10   55338   2   90758   9   77572
873741   57182371   2   39475   10   15319   4   39265   4   15365   7   53518   2   39489   3   55338   6   90758
915369   91187814   7   39265   5   15365
438051   60543714   10   15365   6   53518
900971   85395219   8   39903   9   39475   8   15319   7   39265   4   15365   4   53518
229797   90367684   4   11850   2   73428   4   15608   1   15611   1   15864   3   39536   5   53518   10   31796   7   39137
553475   81647285   2   15611   10   15864   8   39536   6   53518
694238   86988155   1   73428   1   15608
591433   66091742   8   15611   6   15864   2   39536   2   53518   7   31796   4   39137   7   15760   7   39431
299977   49357767   8   39536   7   53518
216753   66039166   1   15611   1   15864   7   39536   6   53518
636801   20371464   4   15608   6   15611   1   15864
652747   80694546   7   39536   7   53518   6   31796   6   39137   10   15760   9   39431   1   11621
432825   62126128   2   15404   10   11731   6   15479   6   53518   1   39160   8   15525   7   11471   8   53265
328363   86988155   4   15525   8   11471   2   53265   2   15197   5   39955   2   53814
707266   92275859   3   15479   7   53518   1   39160   2   15525   10   11471   10   53265   9   15197   7   39955   9   53814
593758   81539774   4   15525   9   11471   6   53265   7   15197   9   39955   2   53814   10   15153   2   15283   7   11850
980897   72330000   3   15479   10   53518   1   39160   2   15525   10   11471   3   53265
277375   32538825   3   11471   4   53265   4   15197   3   39955   3   53814   4   15153   4   15283
904805   81647285   6   39160   8   15525   1   11471   2   53265   8   15197   3   39955   4   53814   2   15153
585689   51873364   10   39955
590880   59561864   9   39695   3   15921   9   15479   9   77910   3   15621   6   39141
769193   86988155   2   15479   1   77910   1   15621   3   39141   8   15608   8   39955   1   15116
663322   59596317   5   77910
421210   95656771   7   15479   4   77910   8   15621   10   39141   8   15608   9   39955   10   15116   9   77606
431133   58643376   7   39141   9   15608   6   39955   1   15116   5   77606   7   77690   4   15945
155553   32538825   6   77910   2   15621   6   39141   6   15608   5   39955   9   15116   6   77606   1   77690
984153   60543714   3   15479   10   77910   8   15621   2   39141   2   15608   2   39955   7   15116   4   77606
125328   61061535   8   39199   4   15760   3   15921   1   73410   8   15136   8   77493   8   15823   3   53991
255034   68269451   4   73410   4   15136   7   77493   5   15823   3   53991   2   39160   10   77606   2   15745
607099   35852072   1   15136   4   77493   4   15823   10   53991   7   39160
181340   72330000   10   15921   8   73410   4   15136   1   77493   5   15823
871002   35852072   2   77493   4   15823   7   53991   4   39160   10   77606
732996   93961840   9   15921   2   73410   5   15136   4   77493   6   15823   5   53991
414009   59596317   8   15136   4   77493   8   15823   3   53991   10   39160   10   77606   2   15745   4   11172   1   77214
449715   66039166   2   15392   1   53265   3   15142   4   77549   5   39584   2   31815   1   15864   4   15197   2   73500
624251   90367684   3   31815   2   15864   8   15197   5   73500
152386   15290194   1   15142   8   77549   2   39584   8   31815   7   15864   2   15197   1   73500   8   15136   5   77572
711123   49357767   9   73500   10   15136   1   77572   10   15665   5   39536   8   53377
142128   86988155   1   15142   3   77549   4   39584
138949   25062013   7   39584   6   31815   5   15864
456118   81539774   9   39584   2   31815   8   15864
745594   51873364   5   15142   4   77549   7   39584   10   31815   5   15864   2   15197
380646   22598563   3   15864   6   15197   10   73500   1   15136
393903   52313890   8   15142   8   77549   5   39584
985837   90367684   6   39584   1   31815   9   15864
847248   54149342   3   15392   9   53265   1   15142
782881   32538825   10   15142   1   77549   10   39584   9   31815
261051   36471787   6   39584   4   31815   6   15864   4   15197   7   73500   8   15136   6   77572   5   15665   7   39536
611173   15290194   5   15864   1   15197   10   73500
565677   67277765   4   15525   8   11471   2   53265   2   15197   5   39955   2   53814
615768   92980780   3   15479   7   53518   1   39160   2   15525   10   11471   10   53265   9   15197   7   39955   9   53814
362232   65278099   4   15525   9   11471   6   53265   7   15197   9   39955   2   53814   10   15153   2   15283   7   11850
752219   78223294   3   15479   10   53518   1   39160   2   15525   10   11471   3   53265
172184   81334083   3   11471   4   53265   4   15197   3   39955   3   53814   4   15153   4   15283
883970   49573578   6   39160   8   15525   1   11471   2   53265   8   15197   3   39955   4   53814   2   15153
202599   31526241   10   39955
845288   80740735   9   39695   3   15921   9   15479   9   77910   3   15621   6   39141
427178   73518695   2   15479   1   77910   1   15621   3   39141   8   15608   8   39955   1   15116
965791   76595144   5   77910
900459   37769366   7   15479   4   77910   8   15621   10   39141   8   15608   9   39955   10   15116   9   77606
288755   40711531   9   15921   2   73410   5   15136   4   77493   6   15823   5   53991
138781   82583252   8   15136   4   77493   8   15823   3   53991   10   39160   10   77606   2   15745   4   11172   1   77214
508029   31712526   2   15392   1   53265   3   15142   4   77549   5   39584   2   31815   1   15864   4   15197   2   73500
210256   32352361   3   31815   2   15864   8   15197   5   73500
773053   51808448   1   15142   8   77549   2   39584   8   31815   7   15864   2   15197   1   73500   8   15136   5   77572
127019   46466842   4   77703   1   77381   5   39160   7   39695   4   15745
623142   65308391   1   15479   2   39431   6   53546   3   77703   5   77381   4   39160   2   39695
568663   56100384   6   77381   9   39160   10   39695   7   15745   7   15578   3   15724   10   15116
866198   52650965   9   39431   3   53546   2   77703   5   77381   5   39160   5   39695
401565   64262396   5   77703   10   77381
410319   22303979   5   77381   6   39160   5   39160   7   39695   4   15745
250387   51108372   1   15479   3   39431
451022   38986512   8   15745   8   15578
114303   63230770   5   77703   5   77381   5   39160   7   39695   3   15745   4   15578   9   15724   9   15116   10   11751
381603   86297512   3   15479   7   53518   1   39160   2   15525   10   11471   10   53265   9   15197   7   39955   9   53814
