        EMPRESA MULTINACIONAL TP
     GANANCIAS A TRAVES DEL TIEMPO
========================================
RELACION DE PICOS:
          Periodo     Ganancia
----------------------------------------
            1867          91
            1872          92
            1881          69
            1886          93
            1890          51
            1893          91
            1901          78
            1903          69
            1905          89
            1907          75
            1922          67
            1933          78
            1943         100
            1949          22
            1951          33
            1954          37
            1956          41
            1958          56
            1960          67
            1962          71
            1966          93
            1969          36
            1971          58
            1979          78
            1989          45
            1994          87
            1996          67
            2000          56
            2004          37
            2007          98
            2009          99
            2014          74
            2016          58
========================================
PICO MAYOR: 1943 con 100 millones
========================================
RELACION DE VALLES:
          Periodo     Ganancia
----------------------------------------
            1871           2
            1878          10
            1882          43
            1889           6
            1891          49
            1899           2
            1902          38
            1904          60
            1906          42
            1919          14
            1925          53
            1937           4
            1948          14
            1950          19
            1952          14
            1955          34
            1957          39
            1959          50
            1961          59
            1963          68
            1968          12
            1970          17
            1983          12
            1990          41
            1995          62
            1999          12
            2001           5
            2005          12
            2008          93
            2013          36
            2015          33
========================================
VALLE MENOR: 1871 con 2 millones
